2,-0.707107
3,-1.73205
5,1.34164
7,0.269975
397,0.701249
11,0.301511
401,1.14857
13,1.25874
17,1.69775
19,-2.83751
907,2.03331
23,0.208514
409,0.905155
29,0.557086
31,-1.70915
419,0.0488532
37,4.59873
41,2.34261
43,0.230521
47,0.145865
421,1.57382
53,-0.686803
59,0.130189
61,2.0213
67,-1.56632
71,0.118678
73,-3.38778
79,-1.03537
911,0.0331315
83,0.109764
431,0.0481683
89,0.741999
97,1.90822
101,2.6866
103,-2.45184
1459,1.27892
107,0.0966736
433,-1.3275
109,-3.44905
113,-0.0940721
127,1.05155
131,0.0873704
439,-1.66024
137,-0.0854358
139,-1.93741
919,-1.97731
149,0.24577
443,0.0475114
151,5.11824
157,-0.828079
163,2.08405
449,2.59561
167,0.0773823
173,-1.5966
179,0.0747435
457,3.99435
181,-0.744526
2039,0.0221458
191,0.0723575
461,1.25752
929,2.32943
193,0.721681
197,0.783718
463,-1.0161
199,1.6347
1471,-2.2143
211,3.42746
467,0.0462745
223,-2.44527
937,-2.83108
479,0.0456912
227,0.0663723
229,-0.717089
233,-0.58961
487,1.04335
239,0.0646846
241,-0.051586
491,0.0451294
251,0.0631194
941,1.92335
257,-2.05848
263,0.0616626
499,1.11682
269,-1.76816
271,-0.722448
503,0.0445878
1481,-1.48114
2663,0.0193782
277,0.772852
281,-0.536895
509,-1.99459
947,0.0324956
283,1.38989
293,0.642627
521,2.05911
307,-1.24613
311,0.0567048
523,2.74945
313,2.04405
953,1.00419
317,1.9658
2053,-3.15124
541,-2.38705
331,-3.96263
337,-1.90108
547,0.00320481
347,0.0536828
3299,0.0174104
1483,0.0498862
349,-2.9223
967,-4.93345
557,1.82197
353,0.798369
359,0.052778
563,0.042145
367,0.154323
373,2.01268
569,-1.38343
971,0.0320915
379,-0.470973
383,0.0510976
571,-0.395401
389,-0.659126
1487,0.0259325
577,-0.953029
977,-2.33548
587,0.0412744
2063,0.0220166
593,-2.66923
983,0.031895
599,0.0408589
601,-7.48387
1489,3.61396
991,-1.49153
2671,0.740594
607,2.04328
613,5.96495
3907,2.71896
997,4.04144
617,1.57008
619,-3.32216
1493,-0.75053
631,2.38585
2069,-1.16519
1009,1.66084
641,-0.355479
643,-1.87276
1013,-1.91657
647,0.0393141
1499,0.0258285
653,1.05659
1019,0.0313266
659,0.0389545
4549,-5.99152
661,1.89682
3301,6.1459
1021,-1.22698
673,0.519098
1511,0.0257257
2081,-1.60025
677,-1.72949
1031,0.0311437
2677,-1.96487
683,0.0382639
691,0.110602
1033,-0.786514
1523,0.0256242
701,0.71762
1039,-2.96593
709,0.38451
719,0.0372937
2083,1.03599
1049,0.710134
1531,-0.298389
5227,0.0128737
727,1.34766
733,1.74687
1051,-2.24859
739,-0.785241
3911,0.0159903
1061,-2.36392
1543,-2.10668
743,0.0366864
2683,-2.30484
751,2.16752
2087,0.0218896
5861,-2.15525
1063,-2.507
757,0.703434
3307,-0.381666
761,0.54375
1549,3.27343
1069,2.50367
769,-1.486
1087,-0.273425
773,-0.179838
787,-0.462856
1553,-1.2434
1091,0.0302752
2089,-2.10845
797,0.38964
809,1.0899
2687,0.0192915
1093,1.24496
6563,0.0123438
1559,0.0253266
811,1.65507
1097,0.211346
821,2.05911
823,4.59128
1103,0.0301101
2099,0.021827
1567,-2.07742
827,0.0347734
4561,-5.82145
829,-3.02608
1109,1.051
839,0.0345238
1571,0.0252297
1117,0.689465
3313,-4.78561
853,-4.94672
3917,-1.74161
2111,0.0217649
857,-1.12726
1123,-4.23476
2689,0.698446
859,-0.841073
1579,0.663154
1129,0.0531171
863,0.0340404
877,4.65935
1151,0.0294756
1583,0.0251339
881,-0.572745
2113,-1.95403
1153,4.15863
883,-1.51681
7237,4.20845
887,0.0335767
5231,0.0138264
1163,0.0293231
1597,-0.290144
2693,-0.25051
1171,0.686798
1601,-0.424867
2129,-0.0216727
3319,5.02093
1181,1.71683
1187,0.0290252
1607,0.0249455
1193,-1.65027
2699,0.0192486
3919,0.943686
2131,-1.76507
1609,-2.06532
1201,7.21111
5867,0.0130555
7933,-0.597133
1213,6.41858
1613,2.46501
4567,-0.133228
1217,-0.0286652
2137,-1.41815
3323,0.0173474
8663,0.010744
1223,0.0285948
1619,0.0248529
2707,-1.63362
1229,-0.599023
2141,-0.626743
1621,-5.29891
1231,-0.363576
1237,-0.865824
1627,1.76186
3923,0.0159658
1249,1.99539
2711,0.0192059
2143,1.79403
1637,0.667328
1259,0.028183
9323,0.0103567
3329,-0.710603
6569,2.45529
1277,-0.811526
5233,4.26669
1657,2.73753
2153,-1.05602
1279,1.74445
1283,0.0279182
1663,0.00538213
4583,0.0147715
2713,1.85497
1289,2.42322
2161,3.07616
1667,0.0244924
1291,-0.31809
3331,-0.36519
1297,-4.0377
1669,-2.58906
3929,0.239304
2179,-2.06843
1301,0.970352
2719,1.20266
1693,1.48048
1303,-0.347638
1307,0.0276606
2203,0.0632977
1697,-1.38367
1319,0.0275345
2729,0.287137
5869,2.4629
1699,-1.73248
1321,4.52314
2207,0.0212862
3343,1.06569
1327,-0.247394
1709,2.20126
1361,-1.54506
7243,4.10393
4591,4.64275
3931,1.00067
2213,-2.65717
1721,-1.37399
1367,0.0270468
5237,-0.0690922
2731,1.81863
1373,-0.998542
1723,-1.10647
1381,3.46737
2221,1.91974
3347,0.0172851
1733,1.2251
1399,1.59598
2741,1.58534
1409,-0.666016
1741,-5.15784
2237,0.570862
1423,0.390187
1747,-1.16428
7937,1.51532
1427,0.0264721
6571,-0.562822
2239,-0.233847
3943,-0.918661
2749,-3.13659
3359,0.0172542
1753,-0.283843
1429,6.70745
1433,1.03025
1759,1.46548
2243,0.0211147
1439,0.0263615
4597,-0.0864631
2753,0.133412
1447,3.75947
1777,-2.80215
5879,0.0130421
5261,0.0413606
2251,-0.445018
1451,0.0262522
1783,-2.78125
3361,1.65911
8669,0.547754
1453,-5.00469
3947,0.0159172
1787,0.0236558
2267,0.0210027
2767,-1.57954
1789,-2.14183
2269,-2.03777
1801,1.05024
3371,0.0172235
2777,-2.44795
2273,-1.02777
1811,0.0234985
4603,-0.185118
1823,0.0234211
7247,0.0117468
3967,-1.30916
2789,0.20829
2281,-2.58374
1831,1.41328
5273,2.40996
3373,-2.75897
1847,0.0232684
2287,0.310002
2791,1.58939
1861,3.84926
9337,-0.336834
6577,2.96475
2293,5.30949
5881,-1.50822
1867,-0.524886
3989,-1.34582
3389,0.188954
2797,1.84708
1871,0.0231187
2297,-0.0208651
4621,4.10932
1873,-2.47995
2309,0.561891
7949,0.93094
2801,-0.170054
1877,-2.51591
3391,1.83802
4001,2.26075
2311,-0.239207
1879,1.73001
5279,0.0137634
2803,2.27105
1889,1.08139
2333,1.05588
1901,-0.848615
4637,1.45384
3407,0.0171322
2339,0.0206769
2819,0.0188344
1907,0.0228994
2341,-3.83468
1913,-0.571587
5897,1.44546
7253,-0.0587099
4003,2.27387
2833,-6.00225
1931,0.0227567
3413,2.24235
2347,-1.46029
6581,2.50236
1933,6.15238
2837,-0.24407
2351,0.020624
1949,0.249165
5281,2.91952
8677,-4.61674
4639,-0.158927
2357,0.226575
4007,0.0157976
1951,1.63095
3433,5.86894
2843,0.0187548
1973,-1.91362
2371,-4.64796
1979,0.022479
2851,1.33358
2377,-3.64776
1987,-1.83519
3449,-0.970573
4013,0.299929
5903,0.0130156
2381,1.70098
1993,-1.05776
4643,0.0146758
2857,0.183558
1997,-1.18601
2383,-0.682748
5297,0.206099
7951,3.78011
1999,-1.30513
3457,-2.92144
2861,-1.43957
6599,0.0123101
2389,0.451998
2003,0.0223439
4019,0.015774
9341,1.60374
7283,0.0117178
2011,-0.554159
2393,2.43263
2879,0.0186371
3461,-0.356959
4649,-1.89195
2017,1.43545
2399,0.0204167
2027,0.0222113
2887,2.51242
2411,0.0203658
4021,-3.5551
2029,1.60668
5303,0.0137322
5923,-1.57093
3463,-0.564621
2417,-1.15941
2897,-0.761745
2423,0.0203153
2903,0.0185599
4651,-2.12581
3467,0.0169833
2437,0.873206
4027,1.51775
8681,-1.38454
2909,1.98386
2441,-1.47754
6607,-1.45803
3469,-5.05325
5309,0.919535
2447,0.0202154
2917,0.829649
4049,1.24152
5927,0.0129892
2459,0.020166
4657,4.2997
7297,-0.549209
3491,0.0169249
2927,0.0184837
2467,-2.40783
7963,1.61481
2939,0.0184459
2473,0.474929
4051,0.789126
3499,1.00444
2477,1.02472
5323,-1.63594
2953,-1.03142
4663,0.218408
2503,0.45982
5939,0.0129761
3511,0.998545
2957,2.70328
4057,-3.59536
2521,-0.0118267
6619,1.48143
9343,1.72997
2963,0.0183711
2531,0.0198771
3517,0.280664
4673,-1.06789
2539,0.535336
2969,0.128467
5333,-0.616207
4073,1.48856
7307,0.0116985
2543,0.0198302
3527,0.0168383
2971,0.916296
2549,0.534785
4079,0.0156575
8689,3.93272
4679,0.0146192
2999,0.0182605
2551,-0.436767
5953,4.61055
3529,-1.49814
7993,0.201129
2557,1.49986
3001,1.27037
5347,0.689433
4091,0.0156345
6637,-0.109142
2579,0.0196913
3533,0.0504719
3011,0.018224
4691,0.0146005
2591,0.0196456
3539,0.0168097
2593,-1.05303
3019,0.881509
4093,-1.91808
5981,0.762896
2609,-0.802688
3023,0.0181878
7309,4.26535
4703,0.0145818
5351,0.0136704
3541,1.13058
2617,-0.956588
3037,1.73987
4099,-3.57677
2621,-1.34777
6653,1.9003
3547,-3.19284
3041,-0.453348
2633,-1.89037
9349,7.14786
4721,-1.17888
2647,-0.24836
8009,1.95546
3049,2.60985
5381,1.3496
3557,-1.96175
5987,0.012924
8693,-1.59809
4111,3.41557
2657,-0.0194001
3061,-3.81821
2659,3.99144
3559,1.0433
4127,0.0155662
4723,-2.26494
3067,-2.82638
5387,0.0136247
7321,1.44568
6659,0.0122545
3571,-2.41021
3079,2.42834
4129,-1.1142
6007,-1.0575
3083,0.01801
3581,0.317506
4729,0.558516
3089,-2.32103
4133,-1.44661
5393,-0.0136171
3583,-0.196982
3109,1.35333
8011,-1.04986
4733,1.67159
3119,0.0179057
4139,0.0155436
3593,-0.0166829
6011,0.0128981
8699,0.0107217
9371,0.0103302
6661,-1.68587
7331,0.0116793
3121,4.18312
5399,0.0136095
3607,1.78609
4751,0.014508
4153,-0.908076
3137,0.267814
3613,-0.924971
3163,-2.15087
4157,2.6522
6029,-1.30076
4759,-0.480749
3167,0.0177695
3617,0.116392
5407,-2.94598
3169,2.26669
6673,-3.79443
3623,0.0166137
4159,-4.05434
8017,-2.5658
3181,5.13183
4783,1.77033
7333,-0.667606
3631,-1.37062
4177,3.22823
3187,-2.74577
6037,-3.54164
5413,4.88053
3637,0.91874
3191,0.0177026
8707,-2.06715
9377,0.815821
4787,0.0144533
3203,0.0176694
4201,-0.0957257
3643,-0.206161
6679,1.04904
3209,1.67702
5417,1.72554
3659,0.0165317
4211,0.0154102
4789,-0.429427
6043,4.49875
7349,-1.92473
3217,1.48658
8039,0.0111532
3671,0.0165047
3221,-1.35674
4217,-2.60247
4793,2.29664
3673,2.60887
3229,-2.83177
5419,1.62981
6689,-0.012227
3251,0.0175385
4219,2.21737
6047,0.0128597
3677,-1.53368
4799,0.0144353
3253,-0.310653
4229,-0.814999
3691,-0.148425
8713,-1.46083
3257,-0.438058
5431,2.60761
7351,4.19908
9391,-0.109768
3697,-0.130723
3259,-1.6707
4801,-0.0924464
6053,-0.269919
4231,0.91965
8053,2.36354
6691,-0.990706
3271,-0.157448
3701,-1.92321
5437,-2.17822
4241,-0.1382
4813,0.718056
3709,0.327686
4243,-2.59235
6067,-2.43514
3719,0.0163979
6701,-0.451993
4817,2.75198
7369,0.701157
5441,0.528719
3727,-1.97563
4253,-0.322012
8719,-1.93191
3733,1.11334
4831,-5.15006
8059,0.299347
4259,0.0153231
5443,0.0366789
6073,0.516376
3739,-0.148305
9397,-4.23279
4261,-0.488199
6703,-0.118354
4861,4.31689
3761,2.07087
7393,-6.25059
5449,2.00814
4271,0.0153015
3767,0.016293
6079,-0.115466
4871,0.0143282
3769,2.59592
8069,2.17082
4273,0.645969
5471,0.0135197
4877,0.272068
6709,-1.59397
3779,0.0162672
8731,3.73376
4283,0.0152801
6089,1.52501
3793,2.17478
7411,-0.109461
4889,-0.700787
4289,0.229041
5477,-0.17566
3797,-1.63908
6719,0.0121997
9403,0.766423
4297,1.41931
3803,0.0162157
8081,0.878809
4903,-4.12727
6091,0.0383048
5479,0.959226
3821,-0.986828
4327,3.12656
4909,0.418005
3823,-1.7405
7417,-4.53316
6101,-0.780961
4337,-0.379617
5483,0.0135049
6733,4.67956
8737,-1.87598
3833,-0.662239
4919,0.0142581
4339,1.80996
3847,0.757819
8087,0.01112
5501,-1.46962
6113,0.908095
3851,0.0161144
4931,0.0142407
4349,-2.3807
9413,1.0204
7433,0.359567
6737,-0.694451
3853,5.91742
4357,-0.476743
5503,-2.11615
4933,1.56401
3863,0.0160893
6121,-2.29853
8741,1.14447
4363,3.13029
3877,5.50104
6761,0.474307
4937,1.92133
8089,-1.83404
5507,0.0134754
7451,0.0115849
3881,1.78177
4373,-1.52733
6131,0.0127713
4943,0.0142234
3889,3.25788
4391,0.015091
5519,0.0134608
9419,0.0103038
6763,-2.78201
4951,-0.678163
4397,0.889762
7457,2.48975
6133,2.23647
8747,0.0106923
8093,-1.7452
5521,-0.704701
4409,1.5512
4957,-1.71187
4421,1.48893
6779,0.0121455
5527,-1.09424
6143,0.0127588
4967,0.014189
4423,0.931568
7459,1.56153
5531,0.0134462
9421,1.58397
4969,-2.11478
4441,1.64853
8101,-0.0433788
6151,-1.99623
8753,-1.80638
6781,1.45688
4973,-0.865009
4447,-2.33972
5557,2.88467
4451,0.0149889
7477,0.795595
6163,0.942128
4987,-0.179964
6791,0.0121348
8111,0.0111036
4457,-0.853795
5563,3.25785
4993,-1.72879
9431,0.0102972
6173,-1.89644
4463,0.0149688
8761,-0.0045669
7481,2.11578
5569,-0.559129
6793,3.52289
4481,-0.971015
4999,-0.151239
6197,2.78198
8117,-0.499476
4483,1.45728
5003,0.0141379
5573,-0.924282
6803,0.0121241
4493,2.19305
7487,0.011557
5009,-0.805377
6199,-4.69616
5581,0.563549
4507,3.07809
9433,1.94721
8779,1.04346
5011,1.87173
8123,0.0110954
4513,2.77133
5591,0.0133738
6823,-1.41783
6203,0.0126969
5021,0.155238
4517,-1.85988
7489,-1.25079
5623,1.74837
5023,0.860822
4519,-1.96959
6211,0.761606
6827,0.0121028
8147,0.011079
8783,0.0106703
4523,0.0148692
5639,0.0133168
5039,0.0140873
9437,-0.710284
7499,0.0115478
4547,0.0148299
6217,-0.901548
5051,0.0140706
6829,0.744416
5641,-1.77011
5059,1.39171
8161,-1.16138
6221,2.57375
7507,4.43817
5647,0.83742
6833,-0.108877
8803,0.663719
5077,3.08825
9439,1.12784
6229,-1.97172
5651,0.0133026
5081,2.34284
7517,1.69549
6841,1.30404
8167,1.46728
5087,0.0140207
5653,-2.81136
6247,0.769833
8807,0.0106558
5099,0.0140042
5657,-0.651483
6857,-1.65445
7523,0.0115293
9461,1.51129
6257,1.5044
5101,-2.43185
8171,0.0110627
5659,-0.946698
6863,0.012071
5107,-1.30207
6263,0.012636
8819,0.0106485
7529,1.00265
5669,1.10236
5113,5.69121
6269,1.3514
6869,-1.31516
8179,0.0162135
5119,0.0261597
5683,-1.11272
9463,1.36648
7537,-1.43679
6271,-0.4183
5147,0.0139387
5689,4.49321
6871,-1.0244
8821,1.45153
5153,1.88063
8191,0.949864
6277,-3.91423
5693,1.63018
7541,0.218796
5167,-1.83601
9467,0.0102776
6883,0.757574
5701,3.22222
6287,0.0126118
5171,0.0139063
8831,0.0106413
7547,0.011511
5711,0.0132326
8209,3.33992
5179,2.66568
6899,0.0120395
6299,0.0125998
5189,-2.29056
5717,1.73256
9473,-0.503445
6301,-2.68497
6907,0.713449
7549,5.09786
5197,3.30668
8837,-2.35093
8219,0.0110304
5737,-7.11786
6311,0.0125878
5209,-4.72021
6911,0.012029
5741,-0.805074
7559,0.0115019
9479,0.0102711
6317,0.842984
8221,-3.74487
5743,0.829524
6917,1.86369
8839,0.244654
6323,0.0125759
7561,4.13607
5749,-0.757026
6947,0.0119978
8231,0.0110223
9491,0.0102646
6329,0.590786
5779,1.72326
8849,0.414589
7573,-3.12489
6949,-2.42503
5783,0.0131499
6337,-3.54993
8233,-3.56103
5791,-1.2413
9497,0.974833
6959,0.0119874
7577,-2.67675
6343,1.65171
8861,-0.64802
5801,-1.27356
6353,-0.213285
8237,-0.760264
6961,-5.13114
7583,0.0114836
5807,0.0131227
6359,0.0125402
5813,-0.380363
9511,1.83835
8863,1.90148
6967,1.85866
8243,0.0110143
7589,-1.61855
6361,0.492556
5821,3.08916
6971,0.0119771
5827,-2.16858
7591,-0.970351
6367,-0.143056
8867,0.0106197
9521,2.28541
8263,2.23781
6977,-0.107748
5839,-2.83656
6373,-1.33896
7603,1.54584
5843,0.0130822
6983,0.0119668
8269,3.13557
8887,2.17745
6379,-3.73984
9533,-0.706699
5849,0.405341
7607,0.0114655
6991,-0.97864
6389,0.838221
5851,-1.5812
8273,-0.362813
5857,4.00315
6397,-2.19618
8893,5.36321
9539,0.0102388
6997,-0.0906036
7621,1.19558
6421,-3.90941
8287,0.42585
7001,-0.776843
7639,-2.06945
8923,-2.53933
6427,-2.10785
7013,-1.87477
9547,0.731293
8291,0.0109824
7643,0.0114385
6449,-2.20408
7019,0.0119361
6451,1.78563
8929,3.12454
7649,1.72653
8293,3.70734
9551,0.0102324
7027,-2.68681
6469,-2.51206
7669,3.26655
8297,-2.29449
7039,-2.2755
8933,0.116384
6473,1.18078
9587,0.0102131
7043,0.0119157
7673,1.81516
6481,-1.00195
8311,-4.21475
8941,0.478935
6491,0.0124121
7057,-0.237453
7681,0.686574
9601,1.22837
6521,-2.09281
8317,-0.291765
7069,-1.08178
8951,0.0105697
7687,-1.33734
6529,0.579514
7079,0.0118854
9613,0.992692
8329,1.56389
6547,-0.307862
7691,0.0114027
7103,0.0118653
8963,0.0105627
6551,0.0123551
7699,-1.35199
7109,2.50252
8353,2.50047
6553,-0.0325919
9619,2.07776
8969,1.93232
7121,0.177755
7703,0.0113938
8363,0.010935
7127,0.0118453
9623,0.010194
7717,2.26403
8971,4.42617
8369,1.38825
7129,0.551428
7723,-1.91527
9629,1.00889
7151,0.0118254
8999,0.0105415
8377,1.88685
7727,0.0113761
7159,-2.67321
8387,0.0109193
9631,-2.08879
9001,2.56391
7741,-2.29005
7177,-0.554527
8389,-1.63245
7187,0.0117958
7753,-0.454717
9007,-1.50862
9643,0.502053
7193,1.12013
8419,1.82356
7757,-1.5101
9011,0.0105345
7207,0.883428
8423,0.010896
7759,0.263235
9649,3.13459
7211,0.0117761
8429,-1.18724
7789,4.87775
9013,-1.57406
7213,-6.1526
9661,0.372554
7793,0.351163
7219,1.58879
8431,-4.01873
9029,-0.97873
7817,-1.36856
7229,-1.56427
9677,0.843738
8443,0.293761
9041,-0.599469
7823,0.0113061
8447,0.0108805
9679,-0.131823
7829,1.2997
9043,1.51896
7841,-0.553363
8461,0.753487
9689,0.477484
9049,0.016616
7853,-1.50084
8467,2.20615
7867,-0.23713
9697,0.84464
9059,0.0105065
8501,1.16051
7873,0.109937
9719,0.0101435
8513,-0.964603
9067,1.75995
7877,-1.22813
8521,-2.60808
9721,1.19103
9091,3.30366
7879,3.81526
8527,0.68174
7883,0.011263
9103,-0.0974435
9733,1.52403
7901,-1.67627
8537,-0.790078
7907,0.0112459
9109,-4.91529
8539,3.10622
9739,-0.950437
7919,0.0112374
8543,0.0108192
9127,-3.49709
9743,0.010131
7927,1.22765
8563,-3.21932
9133,2.89296
9749,2.78518
8573,0.637214
9137,0.491695
9767,0.0101186
8581,1.22088
9151,-0.74632
8597,0.118637
9769,2.47936
8599,2.06913
9157,-0.0350001
9781,-2.49313
8609,-2.42497
9161,-0.679113
9787,-1.94542
8623,-3.9747
9173,1.28425
8627,0.0107664
9791,0.0101062
9181,-2.14507
8629,-2.24026
9803,0.0101
9187,-1.49207
8641,0.653083
9811,-0.212277
9199,-3.51201
8647,-0.749205
9817,6.77741
9203,0.010424
9209,-0.0937856
9829,-4.06644
9221,0.114552
9833,-0.0100846
9227,0.0104105
9839,0.0100815
9239,0.0104037
9851,0.0100753
9241,-1.85479
9857,-0.251807
9257,2.15147
9859,-1.66496
9277,5.19434
9871,-2.99523
9281,1.65044
9883,2.78295
9283,1.248
9887,0.010057
9293,0.280082
9901,1.32188
9311,0.0103634
9907,-0.824762
9319,-0.226946
9923,0.0100387
9929,-1.2946
9931,1.68463
9941,1.31388
9949,8.05561
9967,0.472237
9973,2.58081
