2,0
3,-1.73205
5,0.447214
7,0.269975
11,0.301511
13,2.41081
17,0.242536
19,-2.83751
23,0.208514
29,0.185695
31,-1.70915
1483,0.0498862
37,-0.279923
41,0.156174
43,0.230521
47,0.145865
53,0.137361
59,0.130189
61,2.78952
67,-1.56632
71,0.118678
73,-1.91595
79,-1.03537
1487,0.0259325
83,0.109764
89,0.106
97,0.708649
101,0.0995037
103,-2.45184
107,0.0966737
109,-2.58965
113,0.0940721
127,1.05155
131,0.0873704
137,0.0854358
139,-1.93741
5303,0.0137322
7351,4.19908
149,0.0819232
151,5.11824
1489,2.079
157,-0.0198251
163,2.08405
167,0.0773823
173,0.0760286
179,0.0747435
181,0.391359
191,0.0723575
3329,0.0173318
193,1.79805
197,0.071247
199,1.6347
211,3.42746
223,-2.44527
227,0.0663723
1493,0.0258803
229,-0.337912
233,0.0655122
1499,0.0258285
239,0.0646846
3331,-0.36519
241,3.6193
251,0.0631194
1511,0.0257257
257,0.0623783
263,0.0616626
1523,0.0256242
269,0.0609711
3343,1.06569
271,-0.722448
16091,0.00788331
1531,-0.298389
277,-0.326884
281,0.059655
283,1.38989
1543,-2.10668
293,0.0584206
23059,1.73716
3347,0.0172851
307,-1.24613
311,0.0567048
313,1.32568
317,0.0561656
331,-3.96263
5309,0.0137244
3359,0.0172542
337,-2.31132
347,0.0536828
349,0.0234668
353,0.0532246
359,0.052778
5323,-1.63594
367,0.154323
1549,1.18195
373,-0.148671
379,-0.470973
383,0.0510976
7369,4.60272
389,0.050702
1553,0.0253755
27883,-0.558609
397,2.3131
1559,0.0253266
401,0.0499376
1567,-2.07742
409,0.270446
3361,0.149309
419,0.0488532
1571,0.0252297
421,-0.787085
9461,0.0102809
35111,0.00533677
431,0.0481683
1579,0.663154
3371,0.0172235
40087,0.84163
433,-2.8358
439,-1.66024
1583,0.0251339
443,0.0475114
449,0.0471929
457,0.410766
5333,0.0136935
1597,-1.91593
23063,0.00658479
461,0.0465746
32719,-4.82773
463,-1.0161
467,0.0462745
479,0.0456912
9463,1.36648
487,1.04335
491,0.0451294
499,1.11682
5347,0.689433
503,0.0445878
42467,0.0048526
13877,0.00848892
1601,0.0249922
509,0.0443242
3373,-2.99337
1607,0.0249455
521,0.0438108
523,2.74945
5351,0.0136704
541,-0.813059
9467,0.0102776
547,0.00320481
7393,-3.36961
557,0.0423714
11701,1.85763
563,0.042145
1609,-2.22103
569,0.0419222
571,-0.395401
577,-0.111039
587,0.0412744
13879,-2.54264
1613,0.0248991
593,0.0410651
7411,-0.109461
3389,0.0171777
599,0.0408589
1619,0.0248529
601,-1.47356
607,2.04328
3391,1.83802
23071,2.77392
5381,0.0136323
613,1.9725
18397,-2.33094
3407,0.0171322
1621,-2.17122
617,0.0402585
619,-3.32216
1627,1.76186
631,2.38585
5387,0.0136247
641,0.0394976
643,-1.87276
647,0.0393141
16097,0.00788184
20773,-0.185393
1637,0.0247159
653,0.039133
13883,0.00848708
659,0.0389545
661,-1.91306
3413,0.0171172
673,0.820488
677,0.0384331
683,0.0382639
1657,1.42589
691,0.110602
5393,0.0136171
9473,0.0102744
1663,0.00538213
701,0.0377695
1667,0.0244924
7417,1.63841
709,2.11504
16103,0.00788037
719,0.0372937
727,1.34766
5399,0.0136095
3433,3.01372
1669,0.139988
733,0.649678
739,-0.785241
9479,0.0102711
743,0.0366864
751,2.16752
11717,0.00923829
5407,-2.94598
1693,-0.65551
757,0.294654
761,0.03625
1697,0.024275
769,-1.69505
1699,-1.73248
16111,1.79268
9491,0.0102646
3449,0.0170276
773,0.0359675
787,-0.462856
11719,-2.7714
1709,0.0241896
797,0.0354218
809,0.0351581
25469,0.00626605
5413,3.22007
811,1.65507
1721,0.0241051
30313,-0.792215
1723,-1.10647
821,0.0349002
3457,-1.13103
823,4.59128
827,0.0347734
7433,0.0115989
11731,-1.77164
829,-2.27673
839,0.0345238
1733,0.0240215
16127,0.0078745
853,-2.56602
7451,0.0115849
857,0.0341594
859,-0.841073
863,0.0340404
1741,-2.8679
13901,0.00848158
1747,-1.16428
3461,0.0169981
27893,0.00598759
11743,-0.00763439
877,0.79968
5417,0.0135869
3463,-0.564621
1753,-0.932843
881,0.0336909
16139,0.00787158
883,-1.51681
887,0.0335767
1759,1.46548
907,2.03331
5419,1.62981
3467,0.0169833
911,0.0331315
25471,-2.11108
919,-1.97731
9497,0.0102614
13903,2.35283
929,0.0328089
1777,0.780218
5431,2.60761
1783,-2.78125
30319,3.25216
1787,0.0236558
18401,0.0073719
937,-2.34304
3469,-0.662179
941,0.0325991
9511,1.83835
947,0.0324956
7457,0.0115803
37561,0.482497
1789,-0.0652186
3491,0.0169249
953,0.0323932
23081,0.00658222
967,-4.93345
3499,1.00444
971,0.0320915
13907,0.00847975
7459,1.56153
977,0.0319928
3511,0.998545
1801,0.234682
983,0.031895
1811,0.0234985
991,-1.49153
20789,0.00693559
1823,0.0234211
5437,-2.37225
997,2.30876
1831,1.41328
25523,0.00625942
1847,0.0232684
1009,-0.592157
3517,-2.00754
1013,0.0314192
30323,0.00574267
11777,0.00921473
1861,2.1564
1019,0.0313266
35117,0.00533631
1867,-0.524886
3527,0.0168383
1871,0.0231187
1021,0.025288
32749,-1.59014
1031,0.0311437
5441,0.0135569
1033,-0.568026
23087,0.00658137
1873,-2.0932
1039,-2.96593
9521,0.0102485
16141,1.10985
11779,2.00939
20807,0.00693259
5443,0.0366789
1049,0.0308754
37567,-0.241456
1051,-2.24859
3529,-0.0495846
1877,0.0230817
7477,0.894124
1879,1.73001
1061,0.0307003
1063,-2.507
11783,0.00921238
1069,-0.0793956
1087,-0.273425
1889,0.0230083
1091,0.0302752
40093,2.42793
16183,0.211863
1093,4.25151
3533,0.016824
42473,0.00485225
1901,0.0229355
1097,0.0301923
13913,0.00847793
3539,0.0168097
1103,0.0301101
5449,-4.41267
1907,0.0228994
23099,0.00657966
1109,0.0300285
5471,0.0135197
32771,0.00552402
1117,1.64881
1913,0.0228635
1123,-4.23476
1931,0.0227567
7481,0.0115617
3541,2.01743
9533,0.010242
1129,-1.19876
1151,0.0294756
3547,-3.19284
16187,0.0078599
18413,0.00736949
1933,-0.022486
1153,1.58047
37571,0.0051591
1163,0.0293231
1171,0.686798
7487,0.011557
9539,0.0102388
1949,0.0226514
1181,0.0290988
1951,1.63095
5477,0.0135123
1187,0.0290252
9547,0.731293
3557,0.0167671
1193,0.0289521
1973,0.0225132
5479,0.959226
3559,1.0433
18427,-4.41391
1979,0.022479
1987,-1.83519
9551,0.0102324
3571,-2.41021
5483,0.0135049
27901,-0.975828
32779,1.46227
40099,-0.58584
11789,0.00921004
1201,2.79889
25537,0.04051
1993,-1.10787
9587,0.0102131
13921,0.482984
1213,2.26653
7489,-0.183707
3581,0.0167108
1217,0.0286652
1223,0.0285948
1997,0.0223775
1999,-1.30513
3583,-0.196982
1229,0.0285249
2003,0.0223439
42487,-3.12919
7499,0.0115478
2011,-0.554159
13931,0.00847245
5501,0.0134828
1231,-0.363576
7507,4.43817
2017,-2.48431
1237,0.825646
20809,-1.66145
3593,0.0166829
2027,0.0222113
5503,-2.11615
1249,1.60841
3607,1.78609
1259,0.028183
16189,1.17499
32783,0.00552301
5507,0.0134754
2029,0.732566
1277,0.0279837
2039,0.0221458
5519,0.0134608
1279,1.74445
30341,0.00574097
1283,0.0279182
9601,-0.519673
2053,0.0209951
1289,0.0278531
1291,-0.31809
3613,1.55804
2063,0.0220166
11801,0.00920536
1297,-2.68317
7517,0.0115339
2069,0.0219847
40111,0.658289
3617,0.0166275
5521,1.8995
7523,0.0115293
2081,0.0219212
18433,0.523256
11807,0.00920302
2083,1.03599
3623,0.0166137
2087,0.0218896
5527,-1.09424
35129,0.0053354
3631,-1.37062
5531,0.0134462
23117,0.0065771
13933,3.52692
9613,-0.191291
2089,-0.868411
42491,0.00485123
30347,0.0057404
2099,0.021827
2111,0.0217649
1301,0.0277243
1303,-0.347638
1307,0.0276606
18439,1.0646
3637,-1.44569
9619,2.07776
1319,0.0275345
2113,-1.43976
3643,-0.206161
16193,0.00785844
1321,1.99842
13963,4.15643
1327,-0.247394
7529,0.0115247
3659,0.0165317
9623,0.010194
2129,0.0216727
40123,-3.64228
1361,0.0271063
2131,-1.76507
3671,0.0165047
1367,0.0270468
5557,1.39671
18443,0.0073635
23131,-2.05798
1373,0.0269876
5563,3.25785
2137,-0.0337995
11813,0.00920068
13967,0.00846152
1381,0.135482
1399,1.59598
30367,-0.890766
3673,-0.0460506
2141,0.0216118
20849,0.0069256
1409,0.0266406
2143,1.79403
1423,0.390187
1427,0.0264721
25541,0.00625721
18451,-1.93067
2153,0.0215515
27917,0.00598502
7537,-2.3421
1429,0.599065
42499,-1.78994
23143,1.34793
9629,0.0101908
3677,0.0164912
1433,0.0264166
37573,1.35651
5569,0.426027
2161,2.73673
3691,-0.148425
1439,0.0263615
2179,-2.06843
1447,3.75947
1451,0.0262522
2203,0.0632977
9631,-2.08879
2207,0.0212862
1453,-3.54168
1459,1.27892
40127,0.00499208
1471,-2.2143
3697,1.18948
1481,0.025985
2213,0.0212574
9643,0.502053
5573,0.0133954
11821,2.6572
16217,0.00785262
7541,0.0115156
27919,-1.58566
23159,0.00657113
2221,-1.42122
3701,0.0164377
7547,0.011511
32789,0.0055225
11827,0.564919
2237,0.021143
2239,-0.233847
13997,0.00845245
16223,0.00785117
2243,0.0211147
5581,-1.27442
2251,-0.445018
3709,-0.0133476
2267,0.0210027
11831,0.00919368
3719,0.0163979
37579,-0.04749
5591,0.0133738
3727,-1.97563
23167,-0.771525
2269,1.47031
5623,1.74837
13999,0.49884
2273,0.0209749
9649,2.25713
5639,0.0133168
7549,2.49726
3733,-0.310764
2281,-1.88951
3739,-0.148305
2287,0.310002
18457,1.56906
7559,0.0115019
2293,-1.01215
3761,0.016306
20857,-1.50392
3767,0.016293
5641,-0.207656
2297,0.0208651
35141,0.00533449
11833,-1.98804
5647,0.83742
2309,0.0208108
2311,-0.239207
5651,0.0133026
3769,0.342893
3779,0.0162672
7561,2.28426
9661,1.53416
2333,0.0207034
11839,1.12834
2339,0.0206769
30389,0.00573643
16229,0.00784972
3793,1.26341
5653,-1.58613
2341,-2.09448
11863,0.79222
2347,-1.46029
2351,0.020624
25561,0.00608935
14009,0.00844883
2357,0.0205978
3797,0.0162285
11867,0.00917972
2371,-4.64796
7573,-3.21348
16231,2.07717
3803,0.0162157
5657,0.0132956
2377,-3.2621
14011,4.26284
30391,3.23636
5659,-0.946698
11887,-3.27886
2381,0.0204937
9677,0.0101655
18461,0.00735991
23173,-1.43754
2383,-0.682748
3821,0.0161775
27941,0.00598245
3823,-1.7405
2389,0.499117
7577,0.0114882
9679,-0.131823
20873,0.00692162
5669,0.0132815
40129,0.033582
2393,0.0204422
7583,0.0114836
3833,0.0161522
2399,0.0204167
5683,-1.11272
2411,0.0203658
32797,1.98624
3847,0.757819
3851,0.0161144
30403,1.51732
27943,-1.29247
2417,0.0203405
2423,0.0203153
5689,0.713867
20879,0.00692062
42509,0.0048502
11897,0.00916814
2437,1.90344
3853,0.878124
14029,0.411384
7589,0.0114791
3863,0.0160893
2441,0.0202403
9689,0.0101592
2447,0.0202154
7591,-0.970351
2459,0.020166
11903,0.00916583
5693,0.0132535
2467,-2.40783
20887,3.0034
27947,0.00598181
7603,1.54584
16249,-0.39082
37589,0.00515786
3877,1.14176
40151,0.00499059
30427,-0.396338
2473,-0.949053
7607,0.0114655
2477,0.0200926
3881,0.016052
18481,-1.37181
5701,2.96722
2503,0.45982
25577,0.00625281
35149,-3.29275
5711,0.0132326
2521,-1.89741
9697,1.79623
2531,0.0198771
3889,3.6721
2539,0.535336
3907,2.71897
30431,0.00573247
2543,0.0198302
23189,0.00656688
11909,0.00916352
9719,0.0101435
3911,0.0159903
14033,0.0084416
7621,0.652206
2549,0.0198068
25579,-0.0776901
37591,-1.29244
2551,-0.436767
5717,0.0132256
7639,-2.06945
11923,0.0274253
3917,0.015978
2557,-0.313003
14051,0.00843619
3919,0.943686
2579,0.0196913
7643,0.0114385
2591,0.0196456
3923,0.0159658
11927,0.0091566
20897,0.00691764
5737,-4.33425
16253,0.00784392
25583,0.00625208
2593,1.36084
3929,0.0159536
3931,1.00067
2609,0.0195778
9721,-2.84148
3943,-0.918661
16267,-1.49818
3947,0.0159172
20899,-0.0699029
7649,0.011434
37607,0.00515663
2617,1.05898
3967,-1.30916
5741,0.0131979
5743,0.829524
32801,0.00552149
2621,0.0195329
18493,0.926082
3989,0.0158332
20903,0.00691665
2633,0.0194883
2647,-0.24836
11933,0.0091543
9733,-0.0243601
4001,0.0158094
14057,0.00843439
27953,0.00598116
5749,0.717614
2657,0.0194001
4003,2.27387
2659,3.99144
18503,0.00735155
7669,3.1164
4007,0.0157976
2663,0.0193782
37619,0.0051558
5779,1.72326
11939,0.009152
9739,-0.950437
2671,0.740594
32803,-3.24721
5783,0.0131499
14071,-0.10924
9743,0.010131
4013,0.0157858
2677,-1.25301
5791,-1.2413
23197,-1.25748
42533,0.00484883
2683,-2.30484
30449,0.00573078
16273,1.13204
4019,0.015774
2687,0.0192915
7673,0.0114161
2689,-1.24248
4021,-0.294925
5801,0.0131295
2693,0.01927
4027,1.51775
2699,0.0192486
5807,0.0131227
2707,-1.63362
9749,0.0101279
40153,-2.52613
32831,0.00551897
2711,0.0192059
25589,0.00625134
35153,0.00533358
11941,-1.31429
9767,0.0101186
2713,0.162571
4049,0.0157154
30467,0.00572908
2719,1.20266
14081,0.0084272
4051,0.789126
7681,1.07512
5813,0.013116
18517,-2.6592
2729,0.0191425
7687,-1.33734
2731,1.81863
20921,0.00691367
4057,-0.552113
7691,0.0114027
14083,-1.82075
2741,0.0191005
40163,0.00498984
16301,0.00783236
7699,-1.35199
5821,1.52875
2749,0.0177129
14087,0.0084254
5827,-2.16858
9769,3.24623
7703,0.0113938
35159,0.00533312
4073,0.0156691
2753,0.0190589
4079,0.0156575
5839,-2.83656
2767,-1.57954
4091,0.0156345
11953,-1.43316
14107,0.506551
16319,0.00782804
5843,0.0130822
2777,0.0189763
27961,0.0630624
11959,-1.64117
2789,0.0189355
4093,-0.994283
23201,0.00656518
14143,1.73899
2791,1.58939
7717,0.367578
4099,-3.57677
9781,-0.251123
4111,3.41557
18521,0.00734798
5849,0.0130755
2797,-1.70476
35171,0.00533221
7723,-1.91527
4127,0.0155662
9787,-1.94542
5851,-1.5812
7727,0.0113761
2801,0.0188948
9791,0.0101062
2803,2.27105
4129,-3.94237
18523,1.93246
23203,-1.57111
2819,0.0188344
27967,1.65108
25601,0.00624988
9803,0.0101
37633,-1.35572
20929,1.69987
2833,-4.77944
4133,0.0155549
5857,1.05796
11969,0.00914052
9811,-0.212277
16333,-2.06985
4139,0.0155436
18539,0.00734441
2837,0.0187746
7741,-1.97316
14149,0.351101
2843,0.0187548
11971,-0.19213
2851,1.33358
27983,0.00597796
4153,-0.598722
25603,-1.43116
5861,0.0130621
20939,0.0069107
16339,-0.753334
2857,-1.25223
5867,0.0130555
32833,2.81372
4157,0.0155099
42557,0.00484746
30469,1.23694
4159,-4.05434
2861,0.0186957
9817,3.94208
7753,2.82297
2879,0.0186371
20947,-1.82497
2887,2.51242
37643,0.00515416
5869,-0.843714
4177,-1.72176
2897,0.0185791
5879,0.0130421
14153,0.00840574
2903,0.0185599
4201,-2.48029
32839,1.12873
20959,-1.73956
11981,0.00913594
4211,0.0154102
2909,0.0185408
30491,0.00572683
40169,0.00498947
14159,0.00840396
7757,0.0113541
9829,-3.07053
5881,-0.846428
2917,3.05777
11987,0.00913366
18541,-2.4607
4217,0.0153992
16349,0.00782086
2927,0.0184837
7759,0.263235
2939,0.0184459
4219,2.21737
20963,0.00690674
23209,1.92766
12007,0.136587
5897,0.0130222
2953,-2.44122
4229,0.0153773
32843,0.00551796
5903,0.0130156
4231,0.91965
2957,0.0183897
5923,-1.57093
12011,0.00912453
35201,0.00532994
2963,0.0183711
7789,0.281587
5927,0.0129892
9833,0.0100846
25609,-1.75153
23227,1.88465
5939,0.0129761
4241,0.0153556
2969,0.0183525
2971,0.916296
4243,-2.59235
9839,0.0100815
2999,0.0182605
27997,2.39665
14173,0.0420275
9851,0.0100753
3001,-1.21837
7793,0.0113279
4253,0.0153339
16361,0.00781799
3011,0.018224
5953,-1.47544
4259,0.0153231
23251,3.61369
3019,0.881509
3023,0.0181878
12037,-1.04641
3037,-0.0541508
16363,3.00471
18553,0.00540265
4261,-1.86342
4271,0.0153015
5981,0.0129304
7817,0.0113105
3041,0.0181339
20981,0.00690378
5987,0.012924
9857,0.0100723
7823,0.0113061
30493,2.89069
6007,-1.0575
3049,2.72692
4273,-2.49288
18583,1.32848
42569,0.00484678
6011,0.0128981
9859,-1.66496
4283,0.0152801
14177,0.00839862
20983,1.41423
3061,-3.02698
3067,-2.82638
9871,-2.99523
12041,0.00911315
3079,2.42834
37649,0.00515375
3083,0.01801
4289,0.0152694
18587,0.00733492
7829,0.0113018
9883,2.78295
6029,0.0128789
32869,-3.21563
3089,0.0179925
12043,0.569238
9887,0.010057
25621,-5.44057
4297,0.363984
3109,-0.907738
4327,3.12656
3119,0.0179057
16369,0.261231
6037,0.888973
42571,-2.14735
3121,3.59678
7841,0.0112931
6043,4.49875
32887,0.137551
4337,0.0151847
23269,0.467062
4339,1.80996
6047,0.0128597
40177,-0.36807
3137,0.0178543
3163,-2.15087
14197,-3.04425
3167,0.0177695
28001,0.00597604
9901,2.97506
4349,0.0151637
35221,4.20733
18593,0.00733374
3169,-0.0360716
12049,0.500402
14207,0.00838975
23279,0.00655417
9907,-0.824762
6053,0.0128533
7853,0.0112845
3181,2.87626
6067,-2.43514
12071,0.00910182
4357,1.10559
3187,-2.74577
9923,0.0100387
21001,0.711144
28019,0.00597412
4363,3.13029
7867,-0.23713
3191,0.0177026
3203,0.0176694
4373,0.015122
23291,0.00655248
30497,0.00572626
3209,0.0176529
4391,0.015091
16381,-1.87057
6073,-1.55847
21011,0.00689885
35227,-2.16063
6079,-0.115466
3217,1.78493
28027,-2.00581
7873,-2.33842
4397,0.0150807
16411,-2.06856
3221,0.0176199
9929,0.0100357
25633,-0.145998
14221,-1.83302
4409,0.0150602
12073,0.628553
9931,1.68463
3229,-1.33139
6089,0.0128152
18617,0.00732901
3251,0.0175385
28031,0.00597284
7877,0.0112673
6091,0.0383048
14243,0.00837914
4421,0.0150397
35251,1.15885
4423,0.931568
7879,3.81526
3253,1.39377
25639,-2.02905
32909,0.00551242
7883,0.011263
37657,-1.80879
4441,2.51748
3257,0.0175223
4447,-2.33972
6101,0.0128026
3259,-1.6707
28051,-4.29409
3271,-0.157448
4451,0.0149889
9941,0.0100296
3299,0.0174104
12097,-0.0180405
25643,0.00624476
21013,-1.81542
4457,0.0149789
16417,1.54856
3301,0.396131
7901,0.0112502
32911,3.18407
4463,0.0149688
3307,-0.381666
6113,0.0127901
42577,1.86483
7907,0.0112459
14249,0.00837737
37663,-2.04564
7919,0.0112374
23293,3.27698
4481,0.0149387
3313,-0.280762
18637,1.11726
3319,5.02093
7927,1.22765
30509,0.00572514
4483,1.45728
3323,0.0173474
9949,1.42178
14251,1.63163
6121,0.0655122
9967,0.472237
4493,0.0149187
6131,0.0127713
12101,0.00909053
4507,3.07809
40189,2.25996
12107,0.00908828
16421,0.00780369
7933,-0.572532
37691,0.00515088
4513,2.68605
6133,-0.913617
6143,0.0127588
21017,0.00689786
6151,-1.99623
4517,0.014879
16427,0.00780227
9973,3.32958
4519,-1.96959
6163,0.942128
4523,0.0148692
10007,0.0099965
7937,0.0112246
4547,0.0148299
28057,3.22394
14281,0.903951
21019,-3.64548
18661,-0.401095
25657,-0.847181
6173,0.0127278
12109,-2.01841
4549,-4.63518
18671,0.0073184
35257,0.0462341
7949,0.0112161
23297,0.00655164
21023,0.00689688
10009,0.0568802
6197,0.0127031
7951,3.78011
4561,-0.724619
32917,0.119999
6199,-4.69616
25667,0.00624184
18679,0.972724
4567,-0.133228
7963,1.61481
6203,0.0126969
4583,0.0147715
16433,0.00780084
21031,0.904456
6211,0.761606
4591,4.64275
23311,-1.4904
18691,0.45658
10037,0.00998155
12113,0.00908603
35267,0.00532495
14293,-3.23992
16447,-2.90369
6217,-1.74879
4597,-0.396837
21059,0.00689098
4603,-0.185118
10039,-1.5488
30517,-1.66536
7993,2.11831
12119,0.00908378
14303,0.00836154
16451,0.00779657
6221,0.0126786
12143,0.0090748
4621,1.42325
40193,0.00498798
35279,0.00532405
42589,-2.41128
10061,0.00996964
8009,0.0111741
4637,0.0146853
6229,-2.77238
4639,-0.158927
8011,-1.04986
10067,0.00996667
6247,0.769833
4643,0.0146758
18701,0.00731253
28069,-0.440219
12149,0.00907256
25673,0.00624111
37693,-0.137174
4649,0.0146663
14321,0.00835629
16453,3.18856
6257,0.012642
4651,-2.12581
8017,1.07103
21061,-0.162161
42611,0.00484439
6263,0.012636
32933,0.00551042
14323,0.996352
23321,0.00654827
10069,-0.164216
8039,0.0111532
4657,4.65066
25679,0.00624038
4663,0.218408
10079,0.00996073
14327,0.00835454
21067,0.929583
6269,0.0126299
37699,-0.728723
10091,0.00995481
23327,0.00654743
12157,3.12714
6271,-0.4183
4673,0.0146286
4679,0.0146192
18713,0.00731018
32939,0.00550991
8053,1.41691
4691,0.0146005
30529,-0.406748
4703,0.0145818
8059,0.299347
6277,-0.615822
16477,1.31649
18719,0.00730901
6287,0.0126118
4721,0.014554
6299,0.0125998
4723,-2.26494
14341,-0.599425
10093,-2.06045
12161,0.00906808
18731,0.00730667
30539,0.00572233
10099,3.13049
8069,0.0111324
12163,0.244055
4729,0.818533
40213,2.37807
6301,-2.19684
14347,-0.175472
10103,0.00994889
18743,0.00730433
28081,-0.447401
6311,0.0125878
10111,1.18544
16481,0.00778948
4733,0.0145356
21089,0.00688608
4751,0.014508
4759,-0.480749
8081,0.0111242
25693,0.491579
23333,0.00654658
6317,0.0125819
4783,1.77033
35281,3.49763
16487,0.00778806
8087,0.01112
4787,0.0144533
6323,0.0125759
12197,0.00905469
40231,-3.64818
28087,3.44454
10133,0.00993416
12203,0.00905246
23339,0.00654574
4789,2.04112
14369,0.00834232
25703,0.00623746
10139,0.00993122
12211,-1.28528
6329,0.0125699
32941,-2.77995
8089,-0.560454
14387,0.0083371
4793,0.0144443
18749,0.00730316
35291,0.00532314
12227,0.00904357
4799,0.0144353
42641,0.00484269
6337,1.51581
12239,0.00903914
16493,0.00778664
6343,1.65171
8093,0.0111159
10141,-0.705239
4801,-1.71745
21101,0.00688412
37717,-2.25332
10151,0.00992534
16519,1.04313
4813,-1.07402
6353,0.0125462
35311,-1.98365
10159,1.78111
21107,0.00688314
42643,0.125836
6359,0.0125402
14389,-0.141013
10163,0.00991948
30553,-0.507634
8101,-1.33755
4817,0.0144083
12241,-1.85053
4831,-5.15006
8111,0.0111036
23357,0.00654322
6361,1.87161
12251,0.00903471
18757,0.930657
37747,0.262072
6367,-0.143056
4861,-0.221387
4871,0.0143282
28097,0.00596582
10169,0.00991656
25717,-2.25379
8117,0.0110995
6373,-2.69338
4877,0.0143194
16529,0.00777816
8123,0.0110954
14401,2.40703
6379,-3.73984
8147,0.011079
12253,1.50338
28099,-3.06123
40237,-1.57483
16547,0.00777393
14407,-0.88057
4889,0.0143018
10177,-1.21626
4903,-4.12727
32957,0.00550841
12263,0.00903029
6389,0.0125108
21121,-2.10936
14411,0.00833015
4909,3.01438
8161,-3.08866
14419,-2.50235
4919,0.0142581
21139,-1.47601
18773,0.00729849
4931,0.0142407
8167,1.46728
6397,0.0121198
23369,0.00654154
30557,0.00572064
14423,0.00832669
8171,0.0110627
10181,0.00991071
4933,-1.27888
21143,0.00687728
8179,0.0162135
18787,3.52376
6421,-3.66047
14431,-2.60436
8191,0.949864
25733,0.00623383
6427,-2.10785
23371,-2.41675
12269,0.00902808
4937,0.0142321
16553,0.00777252
4943,0.0142234
30559,0.359523
35317,-2.43715
4951,-0.678163
23399,0.00653734
6449,0.0124524
10193,0.00990487
8209,1.32258
6451,1.78563
4957,0.802427
10211,0.00989614
4967,0.014189
8219,0.0110304
28109,0.00596454
10223,0.00989033
14437,2.76829
35323,1.14903
6469,-2.57459
37781,0.00514474
4969,-1.00915
10243,1.88815
12277,-3.25746
18793,1.12681
42649,1.3173
14447,0.00831977
10247,0.00987874
8221,-0.825568
16561,-3.13076
21149,0.0068763
6473,0.0124293
4973,0.0141805
28111,1.22508
8231,0.0110223
40241,0.00498501
32969,0.00550741
4987,-0.179964
16567,-0.538786
35327,0.00532043
25741,2.20532
6481,-1.68981
37783,4.37814
4993,-2.97737
10253,0.00987585
6491,0.0124121
8233,-1.31215
28123,-2.15052
4999,-0.151239
42667,0.362365
5003,0.0141379
12281,0.00902367
32971,-1.85188
10259,0.00987296
14449,1.39433
10267,-4.9742
25747,-2.69837
23417,0.00653483
5009,0.0141294
6521,0.0123835
18797,0.00729383
5011,1.87173
10271,0.00986719
35339,0.00531953
28151,0.00596009
8237,0.0110183
37799,0.00514351
8243,0.0110143
32983,-1.23968
23431,1.80019
30577,-3.08946
5021,0.0141125
8263,2.23781
18803,0.00729267
25759,-1.71835
6529,2.05112
5023,0.860822
21157,1.35888
12289,-2.58895
16573,2.29759
6547,-0.307862
5039,0.0140873
10273,-1.36237
6551,0.0123551
5051,0.0140706
28163,0.00595882
5059,1.39171
18839,0.0072857
37811,0.0051427
8269,2.35315
23447,0.00653065
21163,-0.569789
16603,1.13497
14461,-3.15097
6553,0.579059
25763,0.0062302
32987,0.0055059
6563,0.0123438
5077,1.98536
18859,0.430189
10289,0.00985856
14479,-0.274699
12301,-1.87286
16607,0.00775987
23459,0.00652898
8273,0.0109943
6569,0.0123382
25771,-0.0600233
12323,0.00900828
5081,0.014029
6571,-0.562822
8287,0.42585
16619,0.00775707
5087,0.0140207
5099,0.0140042
8291,0.0109824
10301,0.00985281
16631,0.00775427
10303,-1.04401
6577,0.0792915
5101,-4.43681
40253,0.00498426
8293,-0.55997
14489,0.0083077
5107,-1.30207
12329,0.00900609
14503,1.69313
12343,-2.06051
5113,2.18224
6581,0.0123269
21169,1.57393
8297,0.0109784
30593,0.00571727
10313,0.00984708
18869,0.0072799
5119,0.0261597
6599,0.0123101
14519,0.00829911
28181,0.00595692
8311,-4.21475
12347,0.00899952
5147,0.0139387
35353,-0.718211
6607,-1.45803
6619,1.48143
32993,0.0055054
21179,0.00687143
18899,0.00727412
42677,0.00484064
30631,-0.476209
8317,0.521342
5153,0.0139306
16633,3.15783
25793,0.00622657
10321,-1.41601
23473,-1.6732
5167,-1.83601
5171,0.0139063
28183,-0.916006
21187,3.86994
18911,0.00727181
10331,0.0098385
6637,-2.64122
5179,2.66568
35363,0.00531772
25799,0.00622585
12373,2.16416
32999,0.0055049
8329,0.0550391
14533,-0.41316
37813,-0.620465
21191,0.00686949
5189,0.0138822
6653,0.01226
42683,0.0048403
6659,0.0122545
10333,2.0762
5197,1.96626
8353,2.42035
12377,0.0089886
16649,0.00775008
6661,-1.81121
8363,0.010935
12379,-4.6164
37831,2.10787
5209,0.143085
16651,-0.651071
5227,0.0128737
14537,0.00829397
12391,0.348954
5231,0.0138264
10337,0.00983564
23497,1.8657
6673,-1.99222
18913,2.79175
8369,0.0109311
14543,0.00829226
6679,1.04904
10343,0.00983279
40277,0.00498278
5233,-1.03475
37847,0.00514025
5237,0.0138184
6689,0.012227
12401,0.0089799
8377,1.64824
21193,-2.90569
25801,1.03505
30637,-0.428479
6691,-0.990706
33013,-0.037878
16657,1.71959
8387,0.0109193
28201,0.479967
5261,0.0137869
10357,-0.173536
21211,2.97679
40283,0.00498241
35381,0.00531637
5273,0.0137712
14549,0.00829055
25819,-1.4151
6701,0.012216
5279,0.0137634
18917,0.00727066
30643,-3.70372
8389,-1.34236
6703,-0.118354
28211,0.00595375
33023,0.0055029
8419,1.82356
14551,4.09106
18919,3.07503
12409,-2.57675
5281,0.320995
10369,2.20596
8423,0.010896
16661,0.00774728
6709,-3.21353
18947,0.0072649
10391,0.00981005
6719,0.0121997
5297,0.0137399
23509,-1.83869
28219,-2.00501
18959,0.0072626
10399,1.18081
8429,0.0108921
10427,0.0097931
6733,3.30966
14557,0.797073
23531,0.00651898
12413,0.00897556
8431,-4.01873
21221,0.00686463
42689,0.00483996
8443,0.293761
6737,0.0121834
8447,0.0108805
16673,0.0077445
21227,0.00686366
6761,0.0121617
6763,-2.78201
10429,2.82362
6779,0.0121455
16691,0.00774032
25841,0.00622079
12421,2.95482
21247,-2.55754
14561,0.00828713
8461,2.87601
37853,0.00513984
35393,0.00531547
33029,0.0055024
30649,2.1906
18973,0.391406
6781,0.945471
8467,2.20615
6791,0.0121348
10433,0.00979029
14563,1.59312
25847,0.00622007
18979,3.67981
14591,0.00827861
23537,0.00651815
28229,0.00595185
12433,2.87011
6793,1.15032
8501,0.0108459
6803,0.0121241
40289,0.00498203
6823,-1.41783
10453,-1.16528
16693,0.168969
6827,0.0121028
21269,0.00685688
23539,-1.09594
8513,0.0108382
16699,1.85195
12437,0.0089669
14593,-0.520537
6829,0.258289
16703,0.00773754
40343,0.0049787
10457,0.00977905
12451,0.879439
8521,-1.56806
10459,-2.20013
19001,0.00725457
8527,0.68174
6833,0.0120975
10463,0.00977624
33037,1.19106
42697,1.88433
40351,2.10545
14621,0.00827011
8537,0.010823
25849,1.32598
30661,2.19733
6841,0.657418
12457,-1.92682
28277,0.0059468
8539,3.10622
35401,1.04729
21277,1.31923
14627,0.00826842
10477,-1.35257
23549,0.00651649
8543,0.0108192
16729,1.17196
37861,-0.826753
10487,0.00976505
8563,-3.21932
25867,1.06224
6857,0.0120763
30671,0.00571
21283,0.512035
28279,1.78187
10499,0.00975947
6863,0.012071
19009,-1.50395
35407,-1.78469
12473,0.00895395
8573,0.0108002
37871,0.00513862
14629,-1.59788
12479,0.00895179
10501,-1.43339
28283,0.00594617
6869,0.0120657
12487,4.40219
6871,-1.0244
6883,0.757574
8581,1.00546
16741,0.326651
12491,0.00894749
37879,-2.03969
6899,0.0120395
35419,1.01493
23557,0.995339
6907,0.713449
10513,-0.935441
16747,3.23844
33049,-0.728506
6911,0.012029
21313,-2.63507
8597,0.0107852
25873,3.16737
19013,0.00725228
14633,0.00826672
8599,2.06913
16759,2.40581
35423,0.00531321
12497,0.00894535
14639,0.00826503
19031,0.00724885
6917,0.0120238
8609,0.0107776
10529,0.00974555
12503,0.0089432
16763,0.00772368
6947,0.0119978
8623,-3.9747
12511,-3.00239
8627,0.0107664
10531,0.494074
42701,0.00483928
16787,0.00771815
10559,0.0097317
23561,0.00651483
28289,0.00594554
40357,-1.21029
8629,1.273
6949,-2.79513
30677,0.00570944
10567,0.950686
6959,0.0119874
16811,0.00771264
23563,-0.768591
12517,-2.19262
14653,0.0413325
21317,0.00684915
42703,0.996223
8641,-1.54098
16823,0.00770989
8647,-0.749205
6961,-1.90607
12527,0.00893463
37889,0.0051374
8663,0.010744
23567,0.006514
6967,1.85866
19037,0.00724771
21319,1.4725
25889,0.00621502
6971,0.0119771
12539,0.00893035
10589,0.0097179
19051,-1.65352
33053,0.0055004
21323,0.00684819
14657,0.00825995
8669,0.0107403
25903,1.85989
6977,0.011972
6983,0.0119668
16829,0.00770852
10597,-2.09534
6991,-0.97864
12541,-0.576925
16831,3.25435
8677,-0.712081
35437,0.00277878
33071,0.00549891
12547,-2.04439
28297,-3.67832
6997,-0.0829458
16843,-3.40975
30689,0.00570832
14669,0.00825657
19069,-2.97585
10601,0.0097124
8681,0.0107329
16871,0.00769892
23581,-4.8704
14683,-0.372268
35447,0.00531142
7001,0.0119514
28307,0.00594365
10607,0.00970965
21341,0.0068453
16879,-0.0692811
14699,0.00824814
12553,-0.162893
40361,0.00497759
25913,0.00621214
21347,0.00684434
7013,0.0119412
37897,-0.377743
16883,0.00769618
8689,0.0574324
7019,0.0119361
7027,-2.68681
10613,0.00970691
42709,-2.10658
7039,-2.2755
7043,0.0119157
10627,-0.697611
19073,0.00724087
25919,0.00621142
12569,0.00891969
37907,0.00513618
10631,0.00969869
8693,0.0107254
40387,0.594628
14713,1.25948
19079,0.00723973
8699,0.0107217
7057,0.975877
10639,0.261052
25931,0.00620998
33073,0.796902
23593,-1.8168
8707,-2.06715
10651,-1.86213
42719,0.00483826
21377,0.00683954
12577,-0.562581
7069,-1.63959
16889,0.00769481
23599,1.0276
7079,0.0118854
30697,-2.57355
37951,-3.38342
33083,0.00549791
40423,-3.26881
12583,-0.510055
7103,0.0118653
28309,1.89787
8713,1.59838
14717,0.0082431
23603,0.00650903
10657,-0.648844
21379,-1.15214
8719,-1.93191
42727,0.230378
10663,-1.74096
14723,0.00824142
30703,-1.28415
8731,3.73376
7109,0.0118603
35449,-3.25996
33091,0.0164811
40427,0.00497352
21383,0.00683858
14731,1.77632
19081,2.13752
10667,0.00968231
28319,0.00594239
16901,0.00769208
10687,-0.818305
12589,-0.00876109
7121,0.0118503
21391,-1.07336
30707,0.00570665
8737,-2.81674
10691,0.00967143
33107,0.00549592
19087,1.82011
7127,0.0118453
16903,1.28451
25933,-2.55219
7129,-0.78555
14737,2.56642
8741,0.010696
23609,0.0065082
10709,0.0096633
12601,-2.07052
25939,-0.513287
7151,0.0118254
8747,0.0106923
10711,0.229001
7159,-2.67321
12611,0.00890482
10723,-3.57819
23623,-0.532407
37957,-3.28605
25943,0.00620855
16921,1.57346
8753,0.0106886
19121,0.00723177
7177,3.68564
21397,-2.23705
7187,0.0117958
23627,0.00650572
12613,0.199219
28349,0.00593924
16927,1.92928
25951,-0.0558721
19139,0.00722837
14741,0.00823638
37963,1.78316
10729,-0.629561
12619,2.12779
14747,0.00823471
16931,0.00768526
7193,0.0117908
8761,-1.96414
35461,-5.3884
7207,0.883428
8779,1.04346
28351,4.21018
30713,0.00570609
7211,0.0117761
8783,0.0106703
33113,0.00549542
37967,0.00513212
42737,0.00483724
10733,0.00965249
8803,0.663719
8807,0.0106558
10739,0.00964979
35491,0.631754
40429,-4.5387
7213,-2.85485
28387,-0.698293
30727,3.84888
14753,0.00823303
8819,0.0106485
7219,1.58879
12637,1.26
21401,0.0068357
19141,-0.655554
16937,0.0076839
33119,0.00549492
14759,0.00823136
37987,-0.354576
7229,0.0117615
42743,0.0048369
21407,0.00683474
16943,0.00768254
14767,0.319857
23629,3.42362
8821,3.05541
10753,0.324435
35507,0.00530693
14771,0.00822801
12641,0.00889425
8831,0.0106413
10771,-0.66851
16963,1.56151
21419,0.00683283
25969,-2.05395
7237,1.75157
12647,0.00889214
7243,4.10393
37991,0.0051305
14779,-1.97947
7247,0.0117468
16979,0.00767439
8837,0.0106377
19157,0.00722497
14783,0.00822467
42751,-1.44772
8839,0.244654
7253,0.011742
10781,0.00963098
7283,0.0117178
19163,0.00722384
12653,0.00889003
28393,-2.77752
8849,0.0106305
12659,0.00888792
7297,1.48303
12671,0.00888371
42767,0.00483555
23633,0.0065049
7307,0.0116985
10789,-1.18207
14797,-1.40125
30757,1.61196
28403,0.00593359
16981,-1.60096
21433,0.697294
10799,0.00962295
8861,0.0106233
33149,0.00549243
8863,1.90148
10831,3.2335
23663,0.00650077
7309,-0.836632
16987,0.754701
40433,0.00497316
21467,0.00682518
8867,0.0106197
12689,0.00887741
25981,0.00459838
30763,-1.29736
8887,2.17745
19181,0.00722045
7321,-0.453047
33151,-2.0486
10837,1.14642
7331,0.0116793
35509,-2.51865
19183,0.967333
14813,0.00821634
10847,0.00960163
8893,3.53582
40459,4.54859
12697,1.48055
19207,2.53194
8923,-2.53933
7333,-1.76265
16993,-0.755205
12703,1.1841
37993,-1.06218
19211,0.00721481
17011,-1.17492
23669,0.00649995
10853,0.00959898
7349,0.011665
40471,-0.883469
8929,2.39955
10859,0.00959633
21481,1.03638
25997,0.00620209
14821,-3.08056
28409,0.00593297
23671,1.48613
12713,0.00886903
14827,0.404656
21487,1.87773
8933,0.0105804
25999,0.389614
40483,1.01218
10861,0.74398
14831,0.00821135
28411,-1.7685
10867,-1.61812
33161,0.00549144
21491,0.00682137
30773,0.00570053
10883,0.00958574
42773,0.00483521
14843,0.00820803
17021,0.00766492
19213,1.04465
12721,-3.13413
8941,-1.03421
26003,0.00620138
14851,-1.56367
19219,-2.66786
40487,0.00496984
35521,-2.6055
12739,-1.46207
17027,0.00766357
8951,0.0105697
10889,0.0095831
14867,0.00820141
33179,0.00548995
42787,-1.50428
8963,0.0105627
19231,0.452131
12743,0.00885858
10891,-1.8491
23677,-3.74849
37997,0.00513009
10903,0.599286
35527,1.78128
8969,0.0105591
17029,2.01582
23687,0.00649748
8971,4.42617
21493,-0.615217
14869,-0.123386
8999,0.0105415
28429,2.27818
38011,0.245619
10909,1.12125
12757,0.0762827
14879,0.0081981
35531,0.00530513
21499,-0.967502
26017,1.49353
12763,-1.99606
14887,0.188512
9001,0.573027
14891,0.00819479
21503,0.00681947
9007,-1.50862
19237,1.73338
17033,0.00766222
38039,0.00512726
9011,0.0105345
30781,-2.46447
10937,0.00956205
10939,-1.12962
33181,2.99543
12781,0.610366
30803,0.00569775
9013,1.4678
12791,0.00884194
38047,-1.16003
10949,0.00955681
12799,1.38685
14897,0.00819314
33191,0.00548896
17041,-0.861528
23689,1.92475
40493,0.00496947
9029,0.010524
21517,-0.991049
42793,0.79797
14923,1.08138
19249,2.65956
28433,0.00593046
17047,-1.75366
26021,0.00619923
23719,-2.96734
10957,0.192916
33199,1.90449
19259,0.00720582
9041,0.010517
28439,0.00592984
12809,0.00883573
9043,1.51896
40499,0.0049691
19267,-1.55903
33203,0.00548796
10973,0.00954635
35533,-1.6128
14929,-0.415718
28447,-0.62463
21521,0.00681662
10979,0.00954374
9049,0.0561305
14939,0.00818162
10987,-1.37458
17053,2.82458
9059,0.0105065
40507,-1.4953
12821,0.00883159
30809,0.0056972
21523,1.40287
9067,1.75995
14947,2.26511
12823,-0.00445918
28463,0.00592734
33211,-4.00853
23741,0.00649009
9091,3.30366
14951,0.00817833
9103,-0.0974435
26029,3.84924
19273,-0.257675
38053,-2.73973
10993,0.745061
23743,1.94048
40519,-0.778542
11003,0.00953333
33223,-1.64352
9109,-1.75143
11027,0.00952295
17077,-1.67326
23747,0.00648927
12829,2.18371
11047,2.52708
9127,-3.49709
14957,0.00817669
21529,1.04229
33247,-0.710015
42797,0.00483385
11057,0.00951002
11059,-2.06265
35537,0.00530469
9133,1.18291
19289,0.00720021
14969,0.00817342
33287,0.00548104
12841,2.18106
17093,0.00764876
30817,2.35278
11069,0.00950486
14983,-0.0999168
9137,0.0104616
11071,0.231211
17099,0.00764741
26041,-0.393075
28477,-0.538766
35543,0.00530424
11083,-1.60159
9151,-0.74632
11087,0.00949714
23753,0.00648845
17107,1.65197
21557,0.00681092
38069,0.00512524
12853,-3.44618
15013,-0.717614
9157,-2.25961
19301,0.00719797
21559,-2.04969
11093,0.00949457
38083,1.23693
40529,0.00496726
21563,0.00680997
9161,0.0104479
12889,-0.846301
15017,0.00816034
15031,2.24337
17117,0.00764339
11113,-5.3653
26053,-1.454
23761,-0.149787
30829,0.950595
17123,0.00764205
9173,0.0104411
40531,-0.0513005
33289,0.443397
28493,0.00592422
26083,-1.02773
23767,-3.79463
19309,-1.0384
12893,0.0088069
30839,0.00569442
42821,0.0048325
21569,0.00680903
11117,0.00948432
12899,0.00880485
9181,0.002793
28499,0.00592359
19319,0.00719462
15053,0.00815058
26099,0.00618996
11119,-1.56708
9187,-1.49207
12907,-2.0147
35569,1.18829
9199,-3.51201
11131,-2.71054
40543,0.0124983
17137,-2.75847
12911,0.00880076
9203,0.010424
38113,1.13411
26107,-2.30802
17159,0.00763403
11149,-2.99143
17167,-2.91985
26111,0.00618854
38119,0.322057
15061,-0.970443
9209,0.0104206
11159,0.00946645
21577,1.04649
40559,0.00496542
17183,0.0076287
23773,-0.95234
12917,0.00879871
33301,2.36983
19333,2.56757
12919,1.81072
21587,0.00680619
9221,0.0104138
28513,1.27294
12923,0.00879667
9227,0.0104105
33311,0.00547906
15073,-3.24899
11161,-1.27908
9239,0.0104037
30841,-1.9993
11171,0.00946137
35573,0.005302
17189,0.00762737
26113,0.179643
30851,0.00569332
9241,-2.01791
12941,0.00879055
19373,0.00718458
42829,-2.06042
17191,1.73711
11173,0.656068
21589,-1.90753
35591,0.00530066
23789,0.00648354
19379,0.00718347
15077,0.00814409
26119,3.50136
17203,-2.28213
21599,0.0068043
9257,0.0103936
15083,0.00814247
17207,0.00762338
38149,2.70742
12953,0.00878648
28517,0.00592172
15091,-1.26373
42839,0.00483148
11177,0.00945883
9277,4.20249
12959,0.00878444
33317,0.00547857
40577,0.00496432
12967,1.15276
11197,1.78811
19381,1.2538
9281,0.0103801
9283,1.248
23801,0.0064819
17209,-0.0227838
40583,0.00496396
30853,2.45087
21601,1.47344
19387,-3.94528
15101,0.00813762
17231,0.00761807
12973,1.26162
9293,0.0103734
11213,0.00944363
15107,0.008136
26141,0.00618499
19391,0.00718125
9311,0.0103634
12979,3.06534
21611,0.00680241
17239,-3.45392
11239,1.34889
9319,-0.226946
30859,-0.802843
12983,0.00877632
19403,0.00717903
40591,1.49233
9323,0.0103567
11243,0.00943103
35593,-0.340009
11251,-2.13672
33329,0.00547758
28537,-4.48979
38153,0.0051196
23813,0.00648027
9337,-1.23696
13001,0.00877024
15121,-0.149453
11257,0.531042
13003,-1.8971
17257,-1.47416
23819,0.00647945
15131,0.00812954
33331,0.147722
13007,0.00876822
9341,0.0103467
38167,-0.800924
42841,0.744071
26153,0.00618357
21613,1.99375
17291,0.00760484
9343,1.72997
11261,0.00942348
23827,0.796769
19417,0.756081
33343,-0.974187
30869,0.00569166
23831,0.00647782
9349,2.2361
13009,4.10602
15137,0.00812793
11273,0.00941847
9371,0.0103302
33347,0.0054761
11279,0.00941596
15139,-2.99904
35597,0.00530021
11287,1.47418
30871,3.42098
11299,-1.45301
17293,1.09521
9377,0.0103269
40597,-3.65125
19421,0.0071757
11311,-2.82994
28541,0.00591923
13033,1.04047
21617,0.00680146
17299,-3.6348
9391,-0.109768
35603,0.00529977
15149,0.00812471
19423,-4.73916
21647,0.00679675
11317,-3.75473
23833,0.67114
19427,0.00717459
26161,0.193998
28547,0.00591861
9397,-1.5012
38177,0.00511799
9403,0.766423
13037,0.00875813
26171,0.00618144
13043,0.00875611
15161,0.0081215
17317,0.420468
11321,0.00939848
42853,0.144641
33349,0.816301
38183,0.00511758
9413,0.0103071
9419,0.0103038
30881,0.00569055
11329,-1.00704
21649,-1.3238
13049,0.0087541
19429,-1.57099
11351,0.00938605
15173,0.00811828
17321,0.00759825
13063,0.548115
23857,-2.16957
9421,2.27695
15187,0.511079
35617,2.48473
17327,0.00759693
42859,-1.15086
9431,0.0102972
11353,2.76003
26177,0.00618073
28549,-3.13741
40609,-1.15149
13093,-2.71801
35671,-0.431154
9433,2.81074
26183,0.00618003
42863,0.00483013
13099,0.545289
28559,0.00591737
11369,0.00937862
17333,0.00759562
19433,0.00717348
15193,-2.2812
13103,0.00873604
21661,0.369521
11383,-2.82074
33353,0.00547561
15199,-1.4515
28571,0.00591612
40627,-0.233956
9437,0.010294
23869,0.936713
9439,1.12784
11393,0.00936874
42899,0.0048281
11399,0.00936627
38189,0.00511718
33359,0.00547512
30893,0.00568945
11411,0.00936134
13109,0.00873404
17341,-3.51123
11423,0.00935642
26189,0.00617932
15217,0.182614
19441,1.53472
17351,0.00759168
15227,0.00810388
21673,-0.126112
30911,0.00568779
17359,0.295161
26203,0.166556
19447,-1.80751
35677,-2.04802
13121,0.00873005
23873,0.00647212
11437,0.502219
21683,0.0067911
13127,0.00872805
11443,-0.8903
30931,-1.28133
28573,3.01121
13147,-4.48126
11447,0.00934661
23879,0.00647131
13151,0.00872008
11467,-1.43212
15233,0.00810228
11471,0.00933683
13159,-1.33505
28579,-1.34208
23887,-1.31092
17377,-2.11658
11483,0.00933195
19457,0.00716906
13163,0.00871611
33377,0.00547364
28591,-4.75384
13171,1.06092
26209,1.70627
17383,-1.17001
40637,0.00496066
19463,0.00716795
15241,3.11565
17387,0.00758381
21701,0.00678829
38197,-0.365687
33391,-0.065618
15259,-0.0815506
26227,-0.0740319
11489,0.00932951
11491,-2.02214
15263,0.00809431
35729,0.00529041
30937,3.33104
13177,4.26448
40639,1.02134
33403,1.70675
13183,-1.99161
23893,-2.74059
42901,-3.26999
19469,0.00716685
35731,-0.067663
13187,0.00870817
17389,3.82793
11497,-0.699314
23899,-1.47
15269,0.00809272
19471,-2.14894
21713,0.00678641
11503,0.89908
15271,0.891103
11519,0.00931735
28597,2.2547
35747,0.00528908
42923,0.00482675
26237,0.00617366
21727,1.54976
11527,0.012105
13217,0.00869828
28603,1.85359
13219,1.87177
17393,0.00758251
28607,0.0059124
19477,-0.711175
11549,0.00930525
30941,0.00568503
38201,0.00511638
15277,-0.999824
11551,-1.44122
23909,0.00646724
33409,2.01818
11579,0.00929318
19483,0.428733
15287,0.00808796
28619,0.00591116
23911,-0.53598
11587,-3.46007
13229,0.00869434
21737,0.00678266
38219,0.00511517
17401,-0.662748
26249,0.00617225
21739,4.82217
11593,-3.34539
38231,0.00511437
40693,2.8942
21751,-3.42216
13241,0.0086904
26251,-0.433829
35753,0.00528864
19489,1.61129
15289,-2.65409
30949,-0.147049
17417,0.00757728
42929,0.00482641
23917,-2.29174
15299,0.00808479
11597,0.00928597
17419,-0.891947
35759,0.00528819
30971,0.00568228
13249,-2.0094
15307,-0.559867
33413,0.00547069
17431,0.565558
13259,0.0086845
28621,1.97058
35771,0.00528731
13267,1.66679
11617,0.892906
17443,-2.81271
19501,-0.121235
21757,3.47126
33427,0.146631
13291,-1.24325
26261,0.00617084
21767,0.00677799
19507,1.39502
28627,2.0742
11621,0.00927637
38237,0.00511397
15313,-0.515494
26263,-3.61215
23929,-1.207
19531,-1.71556
28631,0.00590992
15319,0.217733
13297,-3.45002
26267,0.00617014
11633,0.00927159
17449,-2.53627
28643,0.00590868
38239,0.931105
30977,0.00568173
17467,1.08388
15329,0.00807687
40697,0.004957
11657,0.00926204
15331,2.80644
17471,0.00756556
21773,0.00677705
42937,0.0442106
19541,0.00715363
13309,-0.0189704
30983,0.00568118
40699,2.6316
33457,-1.40465
11677,0.0663939
21787,-1.95522
19543,1.88363
23957,0.00646076
26293,-2.81843
35797,-3.30202
15349,-1.69581
21799,0.586622
13313,0.00866686
11681,0.00925252
42943,0.921923
23971,1.23458
17477,0.00756426
13327,-0.0907005
15359,0.00806898
21803,0.00677239
17483,0.00756296
13331,0.00866101
28649,0.00590807
11689,-2.67637
11699,0.0092454
19553,0.00715144
15361,-0.989898
38261,0.00511236
31013,0.00567843
19559,0.00715034
26297,0.00616662
13337,0.00865906
17489,0.00756167
19571,0.00714815
13339,1.45251
21817,-0.107125
23977,1.91502
33461,0.00546677
31019,0.00567788
13367,0.00864934
17491,1.27958
15373,-3.62413
35801,0.00528509
28657,-0.584184
40709,0.00495627
19577,0.00714705
42953,0.00482507
13381,1.4562
19583,0.00714596
17497,-0.537048
35803,-0.875794
40739,0.00495444
15377,0.00806425
26309,0.00616521
21821,0.00676959
15383,0.00806268
23981,0.00645753
31033,-0.82431
13397,0.00863965
15391,0.766818
40751,0.00495371
21839,0.0067668
38273,0.00511156
13399,1.55815
31039,-1.84027
33469,-2.76172
19597,-0.530699
17509,-3.26207
13411,-1.04262
19603,0.421401
28661,0.00590683
40759,1.72318
17519,0.00755519
31051,-0.686614
33479,0.0054653
17539,1.63907
15401,0.00805797
13417,-0.785128
26317,-0.186134
28663,-3.03414
40763,0.00495298
23993,0.00645591
31063,-1.70071
21841,-0.124756
17551,-0.431416
33487,0.781681
42961,-0.923896
40771,-0.407247
21851,0.00676495
13421,0.00863192
19609,1.93469
42967,-2.64875
35809,0.44054
15413,0.00805483
21859,2.45134
38281,-0.694411
15427,-2.12754
17569,-2.3079
40787,0.00495153
13441,-0.419078
42979,1.84949
15439,0.504616
26321,0.0061638
21863,0.00676309
35831,0.00528288
13451,0.00862229
24001,2.82206
15443,0.008047
38287,1.89721
21871,2.12974
19661,0.00713177
26339,0.0061617
15451,1.15058
13457,0.00862037
28669,-2.16741
31069,3.17203
17573,0.00754357
38299,0.989235
13463,0.00861845
24007,-1.46517
26347,-0.277608
33493,-0.365151
17579,0.00754228
31079,0.0056724
28687,2.06919
24019,-3.69751
38303,0.00510956
13469,0.00861653
15461,0.00804232
33503,0.00546334
24023,0.00645188
15467,0.00804076
19681,4.32254
21881,0.00676031
13477,0.668461
35837,0.00528244
19687,-0.0641493
13487,0.00861078
42989,0.00482305
17581,0.703884
40801,2.16403
26357,0.00615959
13499,0.00860695
28697,0.00590312
26371,-1.92439
35839,-0.618143
15473,0.0080392
43003,-0.449339
24029,0.00645108
28703,0.00590251
26387,0.00615609
19697,0.00712525
24043,-0.155278
21893,0.00675845
31081,0.133132
13513,-0.613896
35851,2.97373
28711,1.43371
19699,0.0213515
33521,0.00546187
17597,0.00753843
38317,1.5904
13523,0.00859931
21911,0.00675568
28723,1.99204
17599,-0.182154
31091,0.0056713
35863,-2.33584
15493,2.87912
13537,-2.43039
19709,0.00712308
15497,0.00803297
24049,2.77645
15511,-3.66612
26393,0.00615539
17609,0.00753586
21929,0.0067529
15527,0.00802521
13553,0.00858978
17623,-0.343253
40813,0.620845
43013,0.0048217
26399,0.00615469
28729,1.59478
13567,1.15877
33529,-0.278022
17627,0.00753201
38321,0.00510836
31121,0.00566857
19717,2.94416
40819,0.842623
15541,-2.68897
26407,0.97218
28751,0.00589758
35869,-0.768477
43019,0.00482136
15551,0.00801901
24061,2.77134
19727,0.00711983
13577,0.00858219
38327,0.00510796
21937,1.17519
31123,2.1711
15559,-2.0269
24071,0.00644545
13591,-1.11624
19739,0.00711766
35879,0.00527934
21943,-2.51182
40823,0.00494934
17657,0.00752561
31139,0.00566693
19751,0.0071155
17659,0.382448
28753,2.24706
13597,1.00204
33533,0.00546089
15569,0.00801437
26417,0.00615259
31147,2.44617
28759,-2.61992
33547,-0.0641784
31151,0.00566584
26423,0.0061519
24077,0.00644464
28771,1.62281
17669,0.00752305
19753,-0.988382
33563,0.00545845
13613,0.00857083
35897,0.00527802
24083,0.00644384
26431,0.239437
15581,0.00801129
21961,-1.14801
19759,-1.09634
38329,3.73489
13619,0.00856895
15583,2.80743
43037,0.00482035
24091,1.85141
13627,-1.03381
19763,0.00711334
35899,2.6124
17681,0.0075205
35911,-0.242658
17683,1.09563
21977,0.00674553
13633,1.09421
40829,0.00494898
17707,-1.98922
15601,-0.888783
26437,-0.92055
21991,-2.02893
31153,-2.67429
28789,-0.422127
35923,1.02643
19777,-0.795378
15607,-2.66653
33569,0.00545797
13649,0.00855952
24097,-0.0160409
15619,1.91287
17713,2.14662
31159,1.1673
38333,0.00510756
24103,-1.69921
43049,0.00481968
13669,-0.427536
15629,0.00799898
19793,0.00710795
24107,0.00644063
26449,-2.51576
21997,-0.207824
38351,0.00510636
17729,0.00751031
13679,0.00855013
43051,1.62059
26459,0.00614771
22003,-2.02108
38371,-1.57749
28793,0.00589327
43063,-1.7832
26479,-1.24414
40841,0.00494825
15641,0.00799591
31177,0.583311
13681,1.69193
33577,0.0452612
17737,1.239
35933,0.00527537
28807,1.48859
15643,-1.92242
13687,-1.85087
24109,0.820753
19801,-0.456222
15647,0.00799437
43067,0.00481868
13691,0.00854638
17747,0.0075065
40847,0.00494789
22013,0.00674001
35951,0.00527405
22027,1.1427
35963,0.00527317
24113,0.00643983
15649,1.59401
13693,-2.28328
22031,0.00673725
26489,0.00614423
19813,1.18876
17749,-0.141621
28813,1.32553
38377,2.49301
33581,0.00545699
19819,1.87006
31181,0.00566311
13697,0.00854451
15661,-1.14465
22037,0.00673634
33587,0.0054565
15667,2.21174
22039,1.93553
31183,1.43177
17761,3.51543
15671,0.00798825
26497,-3.0213
19841,0.00709934
28817,0.00589082
24121,-1.04439
22051,2.09452
43093,-3.25694
15679,-1.6248
17783,0.0074989
35969,0.00527273
40849,1.53481
13709,0.00854077
19843,-2.05126
13711,2.25629
15683,0.00798519
22063,0.321434
15727,-0.648824
43103,0.00481666
22067,0.00673176
15731,0.007973
38393,0.00510357
13721,0.00853704
17789,0.00749763
26501,0.00614284
19853,0.0070972
31189,-1.65276
24133,0.573023
13723,2.48346
33589,0.299861
17791,-0.607281
28837,1.9845
15733,5.52516
17807,0.00749384
38431,5.08269
28843,2.97274
35977,2.81557
33599,0.00545553
17827,-4.92524
22073,0.00673084
19861,-0.727006
28859,0.00588653
13729,0.0571148
40853,0.00494753
38447,0.00509998
22079,0.00672993
19867,3.92841
35983,-0.82272
13751,0.00852772
28867,1.83312
24137,0.00643663
15737,0.00797148
26513,0.00614145
22091,0.0067281
43117,-0.654348
40867,-0.0045269
17837,0.00748754
15739,1.04493
28871,0.00588531
24151,-0.522755
17839,-2.50563
26539,0.814463
31193,0.00566202
40879,-1.4887
17851,-1.23507
13757,0.00852586
19889,0.00709077
31219,-2.04296
28879,1.90177
13759,-3.17366
17863,-3.76735
15749,0.00796844
19891,0.686529
13763,0.008524
40883,0.00494571
22093,4.65137
33601,-2.45336
31223,0.0056593
26557,-0.288454
35993,0.00527098
31231,0.540228
24169,0.148161
17881,1.23424
15761,0.00796541
38449,0.352526
17891,0.00747623
19913,0.0070865
13781,0.00851843
15767,0.00796389
24179,0.00643103
35999,0.00527054
19919,0.00708543
17903,0.00747372
22109,0.00672536
19927,-0.084921
43133,0.00481499
28901,0.00588225
33613,-3.29056
26561,0.00613589
13789,1.80145
22111,-3.37101
36007,2.58923
15773,0.00796238
13799,0.00851287
40897,1.31013
22123,0.157701
43151,0.00481398
17909,0.00747247
15787,1.06512
13807,-3.45501
36011,0.00526966
19937,0.00708223
24181,0.463139
31237,3.67204
17911,1.53197
15791,0.00795784
40903,-1.96139
31247,0.00565713
43159,-1.83426
13829,0.00850364
28909,-0.513639
33617,0.00545407
38453,0.00509959
13831,-1.3038
15797,0.00795633
17921,0.00746997
24197,0.00642864
40927,-1.83999
26573,0.00613451
15803,0.00795482
19949,0.0070801
17923,3.6942
22129,2.47937
26591,0.00613243
38459,0.00509919
13841,0.00849995
24203,0.00642784
33619,-2.80986
13859,0.00849443
24223,-2.47316
15809,0.00795331
33623,0.00545358
36013,-2.91867
13873,1.84236
17929,-2.70971
19961,0.00707797
22133,0.00672171
17939,0.00746622
31249,0.466033
28921,1.44257
22147,1.92882
19963,0.418094
15817,-1.67734
43177,1.77457
24229,-0.633864
26597,0.00613174
28927,-2.05196
40933,-1.50112
15823,-1.23118
24239,0.00642307
17957,0.00746248
26627,0.00612828
15859,-0.950732
38461,4.01565
40939,-2.8505
22153,1.17916
17959,2.4998
24247,-3.295
33629,0.00545309
17971,-1.70561
24251,0.00642148
19973,0.00707585
15877,1.33561
36017,0.00526922
19979,0.00707478
31253,0.00565658
26633,0.00612759
28933,2.16925
19991,0.00707266
22157,0.00671807
24281,0.00641751
43189,0.733145
17977,-1.0328
15881,0.00793526
31259,0.00565604
15887,0.00793376
22159,1.14815
31267,1.77235
33637,0.826801
40949,0.00494172
22171,-3.95124
26641,-0.544767
38501,0.00509641
19993,1.17841
26647,1.54658
17981,0.0074575
36037,3.70954
28949,0.00587737
31271,0.00565495
15889,0.646045
24317,0.00641276
38543,0.00509363
17987,0.00745625
22189,2.15494
19997,0.0070716
15901,-3.05846
40961,0.004941
17989,0.395657
43201,1.79458
15907,-1.78554
20011,-0.831519
33641,0.00545212
24329,0.00641118
26669,0.00612346
28961,0.00587615
43207,-1.77739
33647,0.00545164
31277,0.00565441
36061,2.17924
18013,-3.22443
22193,0.00671262
15913,1.21215
28979,0.00587433
20021,0.00706736
33679,1.9069
31307,0.0056517
15919,2.2955
43223,0.00480997
36067,-1.38388
38557,-0.0129894
20023,1.03193
15923,0.00792479
24337,0.523316
33703,1.97376
31319,0.00565062
26681,0.00612208
18041,0.00744509
24359,0.00640723
40973,0.00494028
22229,0.00670718
18043,-1.58614
26683,-3.53131
29009,0.00587129
22247,0.00670447
24371,0.00640565
15937,-0.4853
18047,0.00744385
20029,-2.48767
22259,0.00670266
26687,0.00612139
15959,0.00791584
36073,0.413514
15971,0.00791287
20047,1.87223
22271,0.00670085
31321,2.35195
20051,0.00706207
33713,0.0054463
36083,0.0052644
20063,0.00705996
18049,3.46761
43237,0.602051
15973,1.48112
31327,2.84995
20071,0.9425
15991,3.43994
18059,0.00744137
38561,0.00509244
24373,-1.08613
26693,0.0061207
40993,1.19001
29017,2.89304
22273,-1.45766
24379,1.78404
26699,0.00612002
38567,0.00509204
16001,0.00790545
41011,-3.1863
18061,3.20089
24391,1.91521
16007,0.00790397
24407,0.00640093
20089,1.56032
33721,-0.258349
36097,-1.22679
31333,-0.830543
22277,0.00669995
33739,-1.16164
29021,0.00587008
22279,2.34002
16033,-2.21902
18077,0.00743767
36107,0.00526265
29023,-3.02034
26701,-1.34243
22283,0.00669905
43261,0.953683
29027,0.00586947
20101,-3.21184
26711,0.00611864
22291,1.45175
16057,3.4495
24413,0.00640014
38569,1.57647
43271,0.0048073
18089,0.0074352
20107,0.416793
31337,0.005649
24419,0.00639935
22303,2.3397
22307,0.00669544
16061,0.00789067
41017,0.0369149
33749,0.00544339
16063,-1.12214
26713,-3.08075
43283,0.00480664
29033,0.00586886
22343,0.00669005
36109,-2.35374
16067,0.00788919
18097,1.4872
24421,-0.940793
29059,2.96095
41023,0.653265
33751,-0.3107
20113,0.393165
18119,0.00742904
36131,0.0052609
24439,-1.90054
43291,1.95613
38593,-0.809869
29063,0.00586583
41039,0.0049363
24443,0.00639621
31357,-0.375864
26717,0.00611795
16069,0.257639
22349,0.00668915
38603,0.00508967
26723,0.00611727
41047,1.94977
31379,0.00564521
22367,0.00668646
18121,0.780715
20117,0.00705048
31387,-0.119098
18127,-0.964435
16073,0.00788772
20123,0.00704942
41051,0.00493558
24469,3.04919
18131,0.00742658
33757,-2.60711
31391,0.00564414
16087,0.969571
29077,2.01767
26729,0.00611658
36137,0.00526046
22369,-0.80168
33767,0.00544194
18133,1.37543
26731,0.311216
20129,0.00704837
18143,0.00742413
38609,0.00508927
20143,-1.94866
36151,-1.88936
43313,0.00480497
24473,0.00639229
20147,0.00704522
41057,0.00493522
22381,-0.584179
31393,-0.919412
38611,-1.9576
18149,0.0074229
26737,-2.49768
22391,0.00668287
43319,0.00480464
29101,2.96008
26759,0.00611315
20149,0.396354
29123,0.00585979
33769,0.311295
24481,2.65407
18169,-2.78343
22397,0.00668198
36161,0.00525872
24499,3.38648
31397,0.0056436
26777,0.0061111
41077,2.40089
38629,-0.372941
26783,0.00611041
20161,2.59744
36187,1.51701
29129,0.00585919
43321,-1.3213
18181,-1.18488
29131,-1.32508
38639,0.0050873
36191,0.00525654
18191,0.00741433
33773,0.00544146
24509,0.00638759
22409,0.00668019
43331,0.00480397
18199,-2.05292
31469,0.00563714
38651,0.00508651
33791,0.00544001
18211,-1.41431
43391,0.00480065
26801,0.00610836
20173,-2.47128
29137,-1.55766
41081,0.00493378
29147,0.00585738
22433,0.00667661
24517,3.64756
18217,-1.72113
33797,0.00543952
20177,0.00703998
31477,-1.7624
26813,0.00610699
18223,1.86151
20183,0.00703894
24527,0.00638525
36209,0.00525523
29153,0.00585677
38653,1.49562
26821,1.74706
18229,-1.37472
29167,-1.46994
43397,0.00480032
33809,0.00543856
22441,3.60321
41113,-0.706926
31481,0.00563606
20201,0.0070358
24533,0.00638447
20219,0.00703267
22447,1.84209
24547,-3.3517
43399,1.44397
33811,1.56848
20231,0.00703058
18233,0.00740578
24551,0.00638213
36217,0.824269
18251,0.00740213
26833,3.21026
24571,1.68413
33827,0.00543711
29173,1.41071
43403,0.00479999
26839,3.21853
22453,3.16292
20233,-0.522998
29179,-1.82748
38669,0.00508532
18253,-0.199848
41117,0.00493162
31489,-1.89798
43411,1.60791
29191,-2.23167
24593,0.00637667
41131,-0.103577
31511,0.00563338
38671,0.302944
22469,0.00667126
18257,0.00740091
24611,0.00637434
43427,0.00479866
20249,0.00702746
26849,0.0061029
24623,0.00637279
33829,-3.21332
24631,-1.60197
36229,-0.349992
33851,0.00543518
18269,0.00739848
29201,0.00585196
22481,0.00666948
24659,0.00636814
24671,0.00636659
22483,0.636993
18287,0.00739484
20261,0.00702538
29207,0.00585136
26861,0.00610153
31513,-1.17199
41141,0.00493018
26863,2.56149
18289,-2.0646
38677,0.599522
41143,-1.12657
33857,0.0054347
26879,0.00609949
22501,-2.41959
20269,0.495051
43441,0.165201
24677,0.00636581
22511,0.00666504
20287,-1.58316
33863,0.00543422
18301,-1.76677
22531,2.24253
31517,0.00563284
29209,-1.6888
24683,0.00636504
18307,-1.22982
36241,-0.460622
43451,0.00479734
33871,1.88686
31531,-2.16214
18311,0.00738999
24691,0.835321
36251,0.00525218
26881,-2.7434
20297,0.00701914
22541,0.0066606
20323,0.692241
38693,0.00508375
41149,-0.0809615
26891,0.00609813
18313,-1.01406
36263,0.00525132
22543,1.44431
20327,0.00701396
29221,3.26766
24697,-0.477193
38699,0.00508335
31541,0.0056307
29231,0.00584895
33889,0.957487
18329,0.00738636
31543,1.02408
38707,-0.350925
22549,1.12502
43457,0.004797
26893,2.32418
29243,0.00584775
20333,0.00701293
31547,0.00563016
22567,2.33199
24709,2.89876
26903,0.00609677
38711,0.00508256
29251,2.05146
41161,-0.684002
22571,0.00665617
36269,0.00525088
18341,0.00738395
31567,3.1865
20341,-0.946792
20347,1.51801
33893,0.00543182
24733,-1.48389
26921,0.00609473
29269,-1.5585
18353,0.00738153
33911,0.00543037
26927,0.00609405
22573,-1.06112
29287,-1.18218
18367,-1.13682
43481,0.00479568
33923,0.00542941
20353,-1.79158
26947,-3.3642
41177,0.00492802
18371,0.00737791
36277,-0.26409
38713,2.01577
31573,-1.48038
24749,0.00635655
26951,0.00609134
43487,0.00479535
18379,0.90071
33931,-3.78381
24763,-3.72173
31583,0.00562695
38723,0.00508178
41179,-1.65387
24767,0.00635424
22613,0.00664999
43499,0.00479469
20357,0.00700879
29297,0.00584236
22619,0.00664911
20359,-0.400412
26953,-2.04389
41183,0.00492766
29303,0.00584176
26959,2.13583
36293,0.00524914
29311,0.645666
33937,-0.61071
24781,-0.421172
22621,-2.23666
36299,0.00524871
29327,0.00583937
31601,0.00562535
20369,0.00700673
38729,0.00508138
36307,-4.02207
26981,0.00608795
31607,0.00562482
43517,0.0047937
22637,0.00664646
26987,0.00608727
22639,-1.99894
41189,0.0049273
31627,-4.70721
33941,0.00542797
24793,-1.6949
20389,-3.07073
22643,0.00664558
24799,-0.538652
22651,0.969951
31643,0.00562162
29333,0.00583878
26993,0.0060866
36313,-3.03131
29339,0.00583818
43541,0.00479238
20393,0.0070026
27011,0.00608457
22669,0.636937
38737,0.273541
36319,4.80086
33961,-0.406211
41201,0.00492659
22679,0.00664031
20399,0.00700157
29347,-1.67925
24809,0.00634885
22691,0.00663855
20407,1.92539
43543,0.11726
38747,0.0050802
33967,-3.56696
29363,0.00583579
20411,0.00699951
41203,1.30652
31649,0.00562108
20431,-1.59451
29383,3.37686
27017,0.00608389
24821,0.00634732
22697,0.00663767
29387,0.00583341
36341,0.00524568
20441,0.00699438
22699,2.32852
27031,3.87044
33997,-1.42657
20443,0.93051
36343,1.94623
27043,1.30754
34019,0.00542175
31657,4.61555
38749,-1.05422
27059,0.00607917
24841,1.35163
41213,0.00492587
29389,-0.29474
34031,0.00542079
20477,0.00698822
24847,4.05381
31663,-3.50948
43573,-0.545849
22709,0.00663592
20479,-1.59678
38767,1.04403
24851,0.00634349
29399,0.00583222
31667,0.00561949
20483,0.0069872
24859,-0.285427
20507,0.00698311
31687,-2.43247
38783,0.00507784
36353,0.00524481
31699,0.75497
22717,3.24377
38791,-4.43275
27061,-2.57758
27067,-2.24863
38803,-1.70456
20509,-0.626787
43577,0.0047904
41221,-0.802833
29401,0.884205
34033,-1.52887
24877,-3.35771
22721,0.00663417
29411,0.00583103
31721,0.0056147
41227,0.00694608
22727,0.00663329
34039,4.61833
43579,-2.12215
36373,-0.348808
27073,1.80354
29423,0.00582984
31723,0.821246
22739,0.00663154
20521,1.04176
43591,1.66723
36383,0.00524265
41231,0.00492479
31727,0.00561417
24889,-0.834153
38821,-2.45139
22741,0.797145
27077,0.00607715
34057,2.98087
24907,2.60418
20533,-1.83589
22751,0.00662979
27091,-0.0546945
29429,0.00582924
20543,0.00697699
27103,0.38164
41233,0.868686
27107,0.00607378
22769,0.00662717
31729,0.840595
43597,-1.1227
24917,0.00633508
41243,0.00492408
20549,0.00697597
36389,0.00524222
34061,0.0054184
24919,-0.970404
20551,-2.67662
43607,0.00478875
29437,0.891258
24923,0.00633432
27109,-2.76599
20563,-1.50005
38833,-1.71905
22777,-1.19446
24943,4.0459
34123,0.33251
27127,-2.68056
29443,4.13295
22783,-0.618599
34127,0.00541316
22787,0.00662455
31741,-0.421344
27143,0.00606975
38839,-0.484293
20593,1.58897
27179,0.00606573
22807,0.0992085
24953,0.00633051
31751,0.00561205
20599,-1.99315
38851,0.742772
27191,0.00606439
41257,-1.07817
22811,0.00662106
36433,1.41265
20611,4.44468
24967,0.601233
20627,0.00696277
29453,0.00582687
41263,-0.162549
24971,0.00632823
20639,0.00696074
34129,0.307475
36451,-0.992594
31769,0.00561046
43609,-2.38742
31771,1.88099
22817,0.00662019
27197,0.00606372
20641,-2.35932
24977,0.00632747
29473,-1.76988
27211,0.797804
38861,0.00507274
24979,3.10856
29483,0.0058239
20663,0.0069567
27239,0.00605905
34141,1.34422
41269,-0.244035
38867,0.00507235
22853,0.00661498
31793,0.00560834
34147,1.81577
22859,0.00661411
36457,-1.21742
24989,0.00632595
31799,0.00560781
20681,0.00695367
36467,0.00523661
27241,1.21618
43613,0.00478842
22861,-1.43675
29501,0.00582213
38873,0.00507196
25013,0.00632291
22871,0.00661237
31817,0.00560622
29527,-1.88776
25031,0.00632064
20693,0.00695166
38891,0.00507079
43627,-0.751502
34157,0.00541078
31847,0.00560358
29531,0.00581917
20707,-0.480877
27253,-3.01372
41281,-1.6662
38903,0.00507001
36469,3.31458
34159,0.650481
22877,0.00661151
27259,2.53813
41299,-0.712133
27271,-1.14466
34171,-2.72062
25033,-0.413964
20717,0.00694763
34183,0.128595
20719,-0.901357
31849,-2.50602
29537,0.00581858
22901,0.00660804
34211,0.00540651
20731,-0.562654
38917,4.24289
31859,0.00560253
29567,0.00581562
22907,0.00660718
25037,0.00631988
27277,1.5723
20743,1.25879
36473,0.00523618
20747,0.0069426
43633,-1.35068
36479,0.00523575
22921,2.06313
41333,0.00491871
31873,-1.70016
27281,0.00605438
29569,0.735425
34213,1.19572
38921,0.00506883
25057,-3.59482
31883,0.00560042
27283,1.45751
20749,0.0351128
38923,-1.89036
31891,-0.117639
27299,0.00605239
22937,0.00660285
31907,0.00559831
25073,0.00631534
22943,0.00660199
25087,1.67171
43649,0.00478644
29573,0.00581503
20753,0.0069416
36493,-1.98396
34217,0.00540604
20759,0.0069406
38933,0.00506805
20771,0.00693859
43651,-0.573587
34231,0.339781
27329,0.00604906
41341,1.93047
25097,0.00631232
31957,-0.28387
22961,0.0065994
25111,-0.53625
22963,0.177882
29581,0.463557
31963,1.88322
41351,0.00491764
29587,-1.33133
36497,0.00523445
29599,-0.191966
22973,0.00659768
29611,1.94681
25117,-2.28408
34253,0.0054032
36523,2.76075
38953,0.778809
27337,2.20826
31973,0.00559253
34259,0.00540272
36527,0.0052323
38959,-2.01066
22993,1.2994
43661,0.00478578
41357,0.00491729
23003,0.00659337
38971,-2.23633
23011,-1.02739
25121,0.00630931
27361,3.10746
29629,0.396678
25127,0.00630855
27367,2.17647
31981,1.24386
34261,0.116186
25147,2.42078
36529,-0.266813
23017,0.689976
31991,0.00559096
34267,2.65947
32003,0.00558991
29633,0.00580914
38977,1.62682
41381,0.00491586
43669,-3.52475
25153,1.2445
27397,-0.96698
23021,0.0065908
41387,0.0049155
27407,0.00604045
25163,0.00630404
43691,0.00478414
36541,-1.65091
23027,0.00658994
36551,0.00523059
43711,-1.89621
34273,-0.1026
32009,0.00558938
29641,1.00725
36559,1.26238
34283,0.00540083
38993,0.00506415
32027,0.00558781
29663,0.00580621
27409,1.06362
25169,0.00630329
36563,0.00522973
23029,0.638234
39019,2.12308
25171,1.81224
27427,1.02572
23039,0.00658822
25183,-0.0641166
36571,0.253473
27431,0.00603781
39023,0.0050622
41389,-2.96512
43717,-1.04359
29669,0.00580562
36583,1.32355
34297,0.695401
41399,0.00491479
29671,2.94222
25189,0.795102
36587,0.00522801
32029,-0.506055
23041,0.515176
27437,0.00603715
41411,0.00491408
29683,1.12401
25219,-3.01621
32051,0.00558572
36599,0.00522716
36607,-1.63563
27449,0.00603583
43721,0.0047825
39041,0.00506104
23053,1.93208
34301,0.00539941
32057,0.0055852
34303,0.725815
39043,4.68585
25229,0.00629579
29717,0.00580093
32059,-0.272911
41413,-1.53308
27457,-0.528755
39047,0.00506065
23057,0.00658565
29723,0.00580034
36629,0.00522501
32063,0.00558468
27479,0.00603253
41443,-1.75514
39079,0.439
25237,1.24066
25243,4.09702
43753,-2.93941
34313,0.00539847
25247,0.00629354
27481,3.0873
32069,0.00558415
34319,0.005398
43759,-2.01198
29741,0.00579859
27487,-0.510476
36637,4.10618
25253,0.00629279
41453,0.00491159
34327,1.11568
39089,0.00505793
36643,-1.75494
41467,-0.221174
27509,0.00602924
32077,-0.417748
41479,1.93979
29753,0.00579742
25261,1.21336
27527,0.00602727
43777,-3.74935
32083,-0.787372
29759,0.00579683
39097,-1.39671
41491,1.65026
36653,0.0052233
34337,0.00539658
36671,0.00522202
39103,-1.87707
41507,0.00490839
34351,-1.92619
25301,0.00628682
27529,-0.533287
39107,0.00505676
29761,1.23562
25303,-0.60822
27539,0.00602596
25307,0.00628608
32089,0.117264
43781,0.00477922
36677,0.00522159
32099,0.00558154
43783,-2.45408
34361,0.0053947
36683,0.00522117
25309,-0.456833
29789,0.00579391
41513,0.00490804
34367,0.00539423
39113,0.00505638
36691,-0.803569
43787,0.00477889
29803,-0.260976
27541,-3.63267
41519,0.00490768
27551,0.00602464
39119,0.00505599
29819,0.005791
25321,1.35234
32117,0.00557998
25339,-1.19571
32119,1.80545
25343,0.00628161
34369,3.22391
36697,-1.22576
27581,0.00602137
29833,0.820848
43789,-1.39058
27583,1.94485
41521,2.8633
39133,-2.42548
27611,0.00601809
25349,0.00628087
39139,-4.72398
41539,-0.931328
32141,0.00557789
29837,0.00578925
32143,-1.27145
29851,5.0054
41543,0.00490627
36709,-2.13006
32159,0.00557633
29863,-1.5937
34381,-5.18213
25357,0.939993
27617,0.00601744
25367,0.00627864
43793,0.00477857
29867,0.00578634
34403,0.0053914
27631,-2.67702
39157,-2.68351
27647,0.00601417
25373,0.0062779
41549,0.00490591
29873,0.00578576
25391,0.00627567
36713,0.00521903
32173,-1.33312
27653,0.00601352
29879,0.00578518
41579,0.00490414
32183,0.00557425
34421,0.00538999
43801,1.97942
25409,0.00627345
39161,0.00505328
25411,0.618377
27673,-1.67719
29881,1.15931
39163,-3.69329
25423,3.61029
25439,0.00626975
32189,0.00557373
25447,1.29101
36721,4.66623
32191,0.396074
27689,0.00600961
34429,-2.58647
41593,2.4756
29917,0.446744
32203,-0.251871
27691,-1.28939
34439,0.00538858
36739,1.99982
43853,0.0047753
25453,1.70228
39181,1.78474
43867,1.60569
29921,0.00578112
27697,0.198246
39191,0.00505134
29927,0.00578054
34457,0.00538718
32213,0.00557166
29947,0.341218
25457,0.00626753
39199,-1.88083
36749,0.00521648
41597,0.00490308
25463,0.00626679
29959,2.85117
29983,0.757378
41603,0.00490273
27701,0.00600831
43889,0.00477334
32233,-1.086
34469,0.00538624
36761,0.00521562
34471,-1.41039
39209,0.00505018
43891,-1.0214
36767,0.0052152
34483,1.10317
27733,-1.24406
29989,-2.16814
36779,0.00521435
34487,0.00538483
32237,0.00556958
30011,0.00577244
32251,1.3425
34499,0.0053839
41609,0.00490237
27737,0.00600441
39217,-0.562689
41611,-0.10386
27739,-1.43464
43913,0.00477203
32257,-3.20775
36781,-0.474323
27743,0.00600376
39227,0.00504902
30013,2.38506
34501,-1.93913
36787,-1.94066
34511,0.00538296
36791,0.0052135
27749,0.00600311
32261,0.00556751
27751,0.737771
41617,2.52465
30029,0.00577071
39229,3.62852
27763,-0.437367
43933,2.04862
34513,-4.23384
30047,0.00576899
27767,0.00600116
32297,0.00556441
30059,0.00576783
43943,0.0047704
34519,-0.43687
36793,2.79072
30071,0.00576668
32299,-2.00778
43951,-0.447776
32303,0.00556389
27773,0.00600052
39233,0.00504864
41621,0.00490167
27779,0.00599987
34537,-2.51719
39239,0.00504825
27791,0.00599857
41627,0.00490131
30089,0.00576496
36809,0.00521222
34543,-2.17921
30091,-0.489617
32309,0.00556337
27793,2.45126
43961,0.00476943
27799,1.93747
43963,0.68442
27803,0.00599728
36821,0.00521137
34549,-1.15722
39241,3.4178
30097,-2.58638
32321,0.00556234
41641,3.33744
32323,-0.0528789
34583,0.00537735
30103,-1.02582
39251,0.00504748
32327,0.00556182
41647,2.05577
27809,0.00599663
41651,0.0048999
36833,0.00521052
30109,0.96789
43969,-2.82837
32341,-1.97381
39293,0.00504478
36847,-3.98671
41659,1.76257
34589,0.00537689
34591,-1.67007
27817,-1.93678
27823,-0.577987
34603,-2.75794
30113,0.00576266
27827,0.00599469
30119,0.00576209
34607,0.00537549
27847,1.65043
32353,-1.97247
39301,2.65047
27851,0.00599211
36857,0.00520883
32359,1.92946
41669,0.00489884
36871,-1.68582
43973,0.00476878
32363,0.00555873
30133,-1.68546
43987,3.73333
34613,0.00537502
43991,0.0047678
34631,0.00537363
39313,-0.681735
41681,0.00489814
36877,1.2851
32369,0.00555822
30137,0.00576036
32371,0.739083
41687,0.00489778
36887,0.00520671
30139,4.08901
41719,0.652518
36899,0.00520586
34649,0.00537223
43997,0.00476748
34651,0.319231
39317,0.00504324
30161,0.00575807
32377,1.36558
34667,0.00537084
39323,0.00504286
41729,0.00489532
36901,-2.38113
30169,-1.65248
32381,0.00555719
44017,-1.20027
34673,0.00537037
39341,0.0050417
41737,1.88388
34679,0.00536991
36913,1.67101
30181,1.29409
41759,0.00489356
39343,-1.93565
34687,-1.21855
36919,-0.673542
30187,0.292937
39359,0.00504055
32401,-3.32937
36923,0.00520417
32411,0.00555461
39367,1.87153
44021,0.00476618
39371,0.00503978
34693,-1.30678
30197,0.00575464
44027,0.00476585
41761,-0.125621
34703,0.00536805
36929,0.00520375
32413,3.30629
30203,0.00575407
30211,-0.882645
32423,0.00555358
41771,0.00489286
36931,3.67984
30223,-2.0065
39373,-5.57442
36943,2.56855
39383,0.00503901
36947,0.00520248
44029,0.555409
34721,0.00536666
32429,0.00555307
30241,-0.0154624
36973,1.11131
41777,0.00489251
39397,-0.377558
36979,0.0155917
44041,-1.55855
32441,0.00555204
34729,-0.485343
30253,-1.25581
32443,1.19745
30259,1.92634
34739,0.00536527
32467,-2.13471
34747,0.723981
41801,0.0048911
32479,4.39673
36997,1.23329
39409,0.362916
32491,1.93988
37003,-2.35854
39419,0.00503671
44053,0.596433
30269,0.00574779
39439,0.31272
44059,-3.19302
30271,-3.43861
34757,0.00536388
39443,0.00503518
34759,0.900188
41809,0.409078
44071,1.88298
39451,-0.42585
34763,0.00536341
32497,2.31317
37013,0.00519784
44087,0.00476261
32503,-0.449748
37019,0.00519742
30293,0.00574551
32507,0.0055464
30307,1.99869
41813,0.0048904
32531,0.00554436
34781,0.00536203
41843,0.00488865
34807,-1.21346
39461,0.00503403
44089,2.17485
37021,2.98829
34819,-3.13984
39499,1.08235
32533,1.91021
37039,1.43837
39503,0.00503136
41849,0.0048883
34841,0.00535741
44101,4.67366
34843,-1.66154
32537,0.00554385
41851,0.248931
37049,0.00519531
44111,0.00476131
34847,0.00535695
41863,0.657521
39509,0.00503097
44119,0.814026
41879,0.00488654
39511,1.20333
32561,0.0055418
44123,0.00476066
41887,-0.414811
37057,-2.0572
32563,-0.469959
34849,3.86077
34871,0.0053551
39521,0.00503021
32569,0.80338
37061,0.00519447
41893,-2.88752
44129,0.00476034
34877,0.00535464
37087,1.88412
44131,-4.23147
34883,0.00535418
44159,0.00475872
32573,0.00554078
39541,1.23591
44171,0.00475808
32579,0.00554027
39551,0.0050283
41897,0.00488549
37097,0.00519195
44179,2.69747
32587,-1.58405
34897,0.377876
39563,0.00502754
32603,0.00553823
41903,0.00488514
41911,0.889777
41927,0.00488375
34913,0.00535188
32609,0.00553772
37117,-1.49562
34919,0.00535142
32611,1.8767
44189,0.00475711
37123,1.86508
39569,0.00502716
34939,-2.57263
37139,0.00518901
41941,-1.71399
37159,-0.171301
41947,1.06345
37171,0.635688
32621,0.0055367
34949,0.00534912
39581,0.00502639
39607,1.27273
44201,0.00475646
39619,-0.775032
34961,0.00534821
44203,-0.557843
37181,0.00518608
41953,0.025506
32633,0.00553569
34963,4.63484
39623,0.00502373
44207,0.00475614
39631,0.970425
32647,2.33165
39659,0.00502145
34981,1.65213
39667,0.495704
37189,-1.94651
35023,-0.112625
41957,0.004882
37199,0.00518483
39671,0.00502069
32653,0.38322
35027,0.00534316
44221,0.800253
32687,0.00553111
41959,-1.63259
39679,0.31627
35051,0.00534133
39703,-2.64679
37201,1.68379
32693,0.0055306
32707,1.07147
44249,0.00475388
35053,3.20625
37217,0.00518357
39709,-3.38729
41969,0.0048813
35059,1.28843
37223,0.00518316
32713,4.57187
39719,0.00501766
37243,-0.7937
39727,4.28214
44257,-0.916942
35069,0.00533996
41981,0.0048806
44263,3.53442
32717,0.00552858
37253,0.00518107
41983,1.05892
44267,0.00475291
39733,0.359545
35081,0.00533905
41999,0.00487956
35083,3.7771
37273,3.47932
39749,0.00501576
44269,-1.61095
35089,-0.47832
42013,-3.7434
37277,0.0051794
35099,0.00533768
37307,0.00517732
35107,3.84874
39761,0.005015
42017,0.00487851
44273,0.00475259
42019,0.997338
44279,0.00475227
37309,-1.89517
42023,0.00487816
39769,0.629233
42043,1.70886
39779,0.00501387
37313,0.0051769
39791,0.00501311
44281,-1.83777
39799,0.793617
42061,-0.580373
42071,0.00487538
37321,0.772581
39821,0.00501123
44293,1.16907
39827,0.00501085
44351,0.00474841
37337,0.00517524
42073,1.8575
37339,2.54676
42083,0.00487469
39829,3.49205
44357,0.00474809
39839,0.00501009
44371,0.464618
37357,-1.15371
42089,0.00487434
39841,-3.12232
37361,0.00517358
44381,0.00474681
39847,1.38754
37363,-0.233026
44383,-2.84392
42101,0.00487364
42131,0.00487191
42139,3.80002
39857,0.00500896
37369,-5.43087
39863,0.00500858
37379,0.00517233
44389,-0.00474916
42157,3.49741
39869,0.00500821
37397,0.00517108
44417,0.00474488
42169,0.10661
37409,0.00517025
39877,1.35822
42179,0.00486914
37423,1.91854
39883,1.56445
44449,-0.317465
39887,0.00500708
42181,0.200079
37441,2.83736
37447,0.20127
42187,-1.99028
44453,0.00474296
39901,0.706025
37463,0.00516653
44483,0.00474136
37483,-2.65145
44491,1.81837
42193,-1.69901
39929,0.00500444
37489,1.61378
44497,0.939813
42197,0.0048681
39937,1.59686
37493,0.00516446
42209,0.0048674
44501,0.0047404
39953,0.00500294
44507,0.00474008
39971,0.00500181
44519,0.00473944
39979,-1.55697
37501,1.23194
44531,0.0047388
39983,0.00500106
37507,1.6124
42221,0.00486671
37511,0.00516322
42223,0.306063
42227,0.00486637
42239,0.00486568
39989,0.00500069
44533,0.895619
37517,0.00516281
42257,0.00486464
40009,-1.7742
37529,0.00516198
44537,0.00473848
44543,0.00473817
42281,0.00486326
40013,0.00499919
37537,0.153483
42283,-0.93471
37547,0.00516074
40031,0.00499806
44549,0.00473785
44563,-1.93553
44579,0.00473625
37549,1.75993
42293,0.00486257
40037,0.00499769
44587,1.92804
42299,0.00486222
40039,1.02385
42307,-1.39461
40063,0.240383
42323,0.00486084
42331,-1.27609
44617,1.16235
42337,-2.18815
44621,0.00473402
44623,-1.99205
42349,0.342835
42359,0.00485878
44633,0.00473339
42373,-2.92011
42379,-1.73541
42391,-0.237263
44641,-1.36457
44647,-1.52976
44651,0.00473243
42397,-1.12216
42403,-1.15281
42407,0.00485603
44657,0.00473211
44683,-3.40333
44687,0.00473053
42409,-0.0140181
44699,0.00472989
42433,3.13753
44701,1.82095
44711,0.00472926
42437,0.00485431
42443,0.00485397
44729,0.0047283
42451,-2.14743
44741,0.00472767
42457,-1.58679
44753,0.00472704
42461,0.00485294
44771,0.00472609
42463,-2.04303
44773,3.10492
44777,0.00472577
44789,0.00472514
44797,-2.60459
44809,-0.852848
44819,0.00472355
44839,2.83181
44843,0.00472229
44851,-3.12049
44867,0.00472103
44879,0.0047204
44887,1.58792
44893,-0.465021
44909,0.00471882
44917,1.0214
44927,0.00471787
44939,0.00471724
44953,-4.73048
44959,-1.41852
44963,0.00471598
44971,-2.04183
44983,-0.892171
44987,0.00471473
